,Date,label,Day,DayOfMonth,1st_PC,2nd_PC
0,2008-08-08,0.0,4,8,23867469.413177952,28123948.005152967
1,2008-08-11,1.0,0,11,-1289217.7363046377,2324329.346384415
2,2008-08-12,1.0,1,12,2887976.0081863734,-6226016.424130323
3,2008-08-13,0.0,2,13,-7152297.436207807,16078514.705147851
4,2008-08-14,0.0,3,14,16515706.499777006,-38788649.328613274
5,2008-08-15,1.0,4,15,13024027.134056203,41783884.29907169
6,2008-08-18,1.0,0,18,-17043871.293615732,-10953844.9115511
7,2008-08-19,0.0,1,19,-25485913.48023039,18633416.258242406
8,2008-08-20,0.0,2,20,-54765306.85042105,9891178.40434522
9,2008-08-21,0.0,3,21,-58860439.40329037,-6870754.341176128
10,2008-08-22,1.0,4,22,-45707003.43340525,-7447314.578870269
11,2008-08-25,0.0,0,25,-59478513.62451017,19696635.147516284
12,2008-08-26,0.0,1,26,-79033164.59560435,-1475046.992061906
13,2008-08-27,0.0,2,27,-58033315.65118695,-20862146.920153767
14,2008-08-28,1.0,3,28,-25372102.684153218,-12805617.555793883
15,2008-08-29,1.0,4,29,-5684733.380337555,-7196919.8932131
16,2008-09-02,0.0,1,2,-611135.0870842651,2074358.3551725685
17,2008-09-03,1.0,2,3,36748815.57949971,-38321212.99946184
18,2008-09-04,0.0,3,4,52987505.8647297,22593624.584758013
19,2008-09-05,0.0,4,5,84898383.47440691,-51680165.47530368
20,2008-09-08,1.0,0,8,125807897.91063368,12763543.482260738
21,2008-09-09,0.0,1,9,84031849.16921481,31570280.278152037
22,2008-09-10,0.0,2,10,78012364.78531496,-22674360.07950308
23,2008-09-11,1.0,3,11,95047962.17488714,7587941.898262379
24,2008-09-12,1.0,4,12,227769430.32874408,-134298643.69593358
25,2008-09-15,0.0,0,15,407502273.4876776,-38480297.03393673
26,2008-09-16,1.0,1,16,428043627.8125101,27792551.57187558
27,2008-09-17,0.0,2,17,423809716.5331637,-12159009.036343014
28,2008-09-18,0.0,3,18,560768266.2803025,-110982476.54157521
29,2008-09-19,1.0,4,19,361002946.6027552,317123969.95280707
30,2008-09-22,1.0,0,22,46249120.685120225,6830799.174737877
31,2008-09-23,1.0,1,23,25226443.388646245,15136365.867385607
32,2008-09-24,0.0,2,24,35657852.91982325,-24156358.589475445
33,2008-09-25,0.0,3,25,70067651.17810318,-8963706.364343222
34,2008-09-26,1.0,4,26,189678127.74496248,-105997716.78720707
35,2008-09-29,0.0,0,29,249381380.0057226,50013228.22785694
36,2008-09-30,1.0,1,30,158008349.20586622,46689355.76788286
37,2008-10-01,1.0,2,1,213233001.38207513,-95291077.34989916
38,2008-10-02,1.0,3,2,241560106.06275642,70754640.27001463
39,2008-10-03,1.0,4,3,240495719.3772521,-61788219.140163295
40,2008-10-06,1.0,0,6,283842839.49864376,24120358.298898283
41,2008-10-07,1.0,1,7,347228655.6755134,-78106469.91503215
42,2008-10-08,1.0,2,8,568815105.6955898,-131105810.68180864
43,2008-10-09,1.0,3,9,474114609.04907614,-228226575.7522588
44,2008-10-10,0.0,4,10,508060882.0980615,201399442.97275528
45,2008-10-13,1.0,0,13,325265285.66321796,-5333644.110187973
46,2008-10-14,1.0,1,14,307168977.5366776,31097362.36560105
47,2008-10-15,0.0,2,15,314806021.7792404,-29968812.031916767
48,2008-10-16,1.0,3,16,304103205.12633556,47648726.035069026
49,2008-10-17,0.0,4,17,175580087.86407503,86582911.70626982
50,2008-10-20,1.0,0,20,85031511.12091716,8387944.852051371
51,2008-10-21,1.0,1,21,162138201.1338213,-81099475.20764661
52,2008-10-22,0.0,2,22,238494702.4100378,8810908.557845198
53,2008-10-23,1.0,3,23,229217037.87635624,6544073.676417908
54,2008-10-24,0.0,4,24,186664051.95655614,40969311.316522
55,2008-10-27,0.0,0,27,213755092.37174526,-61566955.09259036
56,2008-10-28,1.0,1,28,237226617.28013006,42618518.05824016
57,2008-10-29,0.0,2,29,163083311.59301683,36796532.215105765
58,2008-10-30,0.0,3,30,160177603.89288417,-28836575.761979632
59,2008-10-31,1.0,4,31,97651799.27200451,93222884.15234974
60,2008-11-03,0.0,0,3,59862194.215051055,-51472754.16249971
61,2008-11-04,1.0,1,4,118447930.6911487,-5298332.939348674
62,2008-11-05,1.0,2,5,182296861.9663129,-53994145.617472336
63,2008-11-06,0.0,3,6,167743745.40711248,71527539.35325098
64,2008-11-07,1.0,4,7,81342747.56138627,18828630.810018033
65,2008-11-10,1.0,0,10,89644258.49413316,-24281361.258376885
66,2008-11-11,1.0,1,11,155894451.96287945,-38543393.432107605
67,2008-11-12,0.0,2,12,311904537.26049083,-110508864.09833412
68,2008-11-13,1.0,3,13,301647831.78424066,125674404.76843183
69,2008-11-14,1.0,4,14,162686343.6879778,20618704.289138403
70,2008-11-17,0.0,0,17,207557473.25551787,-59658024.16632429
71,2008-11-18,1.0,1,18,257713277.35873333,14583410.433877058
72,2008-11-19,1.0,2,19,373798567.5125684,-120844531.28676988
73,2008-11-20,0.0,3,20,471881431.64487505,31655189.88273736
74,2008-11-21,0.0,4,21,377634276.6914446,-65000647.35587258
75,2008-11-24,0.0,0,24,362189651.1934505,87996895.54682866
76,2008-11-25,0.0,1,25,215392096.3343736,66506787.01604348
77,2008-11-26,0.0,2,26,60552724.51277864,91644547.61814992
78,2008-11-28,1.0,4,28,89399220.93594202,-115833783.16197528
79,2008-12-01,0.0,0,1,195281184.63407823,12077279.120576115
80,2008-12-02,0.0,1,2,176670343.59657127,11382804.378820015
81,2008-12-03,1.0,2,3,157825953.95023343,11823915.412779491
82,2008-12-04,0.0,3,4,195080746.5264005,-43776988.61754415
83,2008-12-05,0.0,4,5,249822484.6193972,-5684440.713711779
84,2008-12-08,1.0,0,8,205622699.146818,55012341.44197428
85,2008-12-09,0.0,1,9,116630720.25255856,38402630.96679426
86,2008-12-10,1.0,2,10,121562934.28267157,-39202857.01412153
87,2008-12-11,0.0,3,11,147883378.0606503,15736367.941861013
88,2008-12-12,1.0,4,12,104843600.77516447,30453900.63759981
89,2008-12-15,0.0,0,15,152945414.38504153,-73839752.69440137
90,2008-12-16,1.0,1,16,157704698.7980074,71316014.02262864
91,2008-12-17,1.0,2,17,114267014.31176494,-23107949.377213888
92,2008-12-18,1.0,3,18,336234154.6585331,-190910410.20169547
93,2008-12-19,1.0,4,19,286209422.3421298,243455627.43920413
94,2008-12-22,1.0,0,22,23404494.60076625,26145121.573530186
95,2008-12-23,0.0,1,23,-79159621.74571437,75243478.22008984
96,2008-12-24,0.0,2,24,-140157425.98696524,-15717727.093758479
97,2008-12-26,1.0,4,26,-78364902.8330005,-48273738.48195207
98,2008-12-29,0.0,0,29,-25289146.028678548,-6489604.697171591
99,2008-12-30,0.0,1,30,26840712.144475445,-44987484.93712777
100,2008-12-31,0.0,2,31,62310032.570352465,10095460.753422974
101,2009-01-02,1.0,4,2,67554852.09394954,-13259604.393677955
102,2009-01-05,0.0,0,5,68421249.94222686,13913460.48196815
103,2009-01-06,1.0,1,6,92339916.9199666,-35038657.64832381
104,2009-01-07,1.0,2,7,99450655.9859402,29678693.116731487
105,2009-01-08,1.0,3,8,55482161.61210993,16557641.3559368
106,2009-01-09,1.0,4,9,89480944.60300475,-47768307.175260864
107,2009-01-12,1.0,0,12,159663540.61659178,-19480222.895879857
108,2009-01-13,1.0,1,13,217471038.66366857,-33247690.57150444
109,2009-01-14,0.0,2,14,311506080.0010273,-53707482.673021376
110,2009-01-15,0.0,3,15,370413545.85545135,2838008.420190221
111,2009-01-16,1.0,4,16,357864508.28311807,18845420.9520845
112,2009-01-20,0.0,1,20,337231919.3772161,10806299.484522488
113,2009-01-21,1.0,2,21,337996769.60245836,-2733294.458122165
114,2009-01-22,1.0,3,22,309515991.59611636,39004771.901116215
115,2009-01-23,0.0,4,23,236425529.84749785,41095081.536435775
116,2009-01-26,0.0,0,26,149492588.16873768,50732956.963151865
117,2009-01-27,0.0,1,27,180235509.77601126,-75574484.505235
118,2009-01-28,1.0,2,28,178054691.68526933,80454744.27005461
119,2009-01-29,1.0,3,29,140805147.87351406,-37545745.911033414
120,2009-01-30,1.0,4,30,173060881.7625799,8812690.544333823
121,2009-02-02,0.0,0,2,180335876.28727072,-11228451.009119514
122,2009-02-03,1.0,1,3,216958919.57958773,-20122134.047447238
123,2009-02-04,0.0,2,4,272147324.8731758,-28640139.544857506
124,2009-02-05,0.0,3,5,307750535.1750445,138029.51741832515
125,2009-02-06,1.0,4,6,234839878.01633626,78773937.78573677
126,2009-02-09,1.0,0,9,275062411.5338924,-110033185.74564317
127,2009-02-10,0.0,1,10,258593323.70785066,130350036.10257383
128,2009-02-11,1.0,2,11,177363424.18903685,-41306242.29242268
129,2009-02-12,1.0,3,12,163146321.0078254,58705238.93359265
130,2009-02-13,1.0,4,13,165210907.78312021,-55044176.807421535
131,2009-02-17,0.0,1,17,175409354.08086514,47990869.13979117
132,2009-02-18,1.0,2,18,154102463.88532016,-21502158.77619442
133,2009-02-19,1.0,3,19,380242913.41582894,-195552786.56048626
134,2009-02-20,1.0,4,20,450126836.14019126,132158513.5753488
135,2009-02-23,0.0,0,23,369626202.81651837,-39007692.55872278
136,2009-02-24,1.0,1,24,400111153.4018125,17667125.361136783
137,2009-02-25,1.0,2,25,295387482.88058,95003541.88739465
138,2009-02-26,1.0,3,26,453541278.28280956,-239341878.8657773
139,2009-02-27,1.0,4,27,624466186.0527112,78159958.55281219
140,2009-03-02,1.0,0,2,466812163.4346092,93220490.33402227
141,2009-03-03,0.0,1,3,426842980.4704491,-40145609.591865115
142,2009-03-04,1.0,2,4,469341270.1759143,3438812.4084177706
143,2009-03-05,0.0,3,5,411294151.7217711,65089147.13977718
144,2009-03-06,1.0,4,6,309861204.1424332,45833251.12282696
145,2009-03-09,0.0,0,9,464743596.265158,-187846354.07932028
146,2009-03-10,0.0,1,10,573292848.5392756,89048118.25472137
147,2009-03-11,0.0,2,11,467007243.7753789,31240109.214890707
148,2009-03-12,0.0,3,12,435125493.14413905,12409177.850337068
149,2009-03-13,1.0,4,13,503616213.17144024,-67894829.92088217
150,2009-03-16,0.0,0,16,529316937.55656767,-41537270.002413966
151,2009-03-17,0.0,1,17,528295672.7585379,-42584635.34419165
152,2009-03-18,1.0,2,18,559670263.507646,24241533.877424758
153,2009-03-19,1.0,3,19,623708780.1662459,-71987387.86648451
154,2009-03-20,0.0,4,20,589960221.5041401,118789545.19215652
155,2009-03-23,1.0,0,23,382787539.4042054,101028150.41657893
156,2009-03-24,0.0,1,24,341173411.1651534,-48248658.33015687
157,2009-03-25,0.0,2,25,352439538.36228997,44708641.96227866
158,2009-03-26,1.0,3,26,260062175.09043366,55409284.33488719
159,2009-03-27,1.0,4,27,251351933.72093472,-38908878.78845732
160,2009-03-30,0.0,0,30,304838237.6850559,-7804798.890328497
161,2009-03-31,0.0,1,31,288848317.8257039,30943992.866548873
162,2009-04-01,0.0,2,1,320307699.0705608,-53504498.715882756
163,2009-04-02,0.0,3,2,280814350.63513297,98808067.83516727
164,2009-04-03,1.0,4,3,143300916.6973587,44884384.12773695
165,2009-04-06,1.0,0,6,121983147.20396863,-19262628.296752222
166,2009-04-07,0.0,1,7,127148420.96740305,16931504.47380056
167,2009-04-08,0.0,2,8,233017368.82019335,-116426062.87801136
168,2009-04-09,1.0,3,9,313881209.1193489,-33495578.74157277
169,2009-04-13,1.0,0,13,414481066.42242074,-57464431.247970976
170,2009-04-14,0.0,1,14,405043188.9007249,75709653.94831942
171,2009-04-15,0.0,2,15,296892310.4494345,41872152.9144689
172,2009-04-16,0.0,3,16,386912101.2282404,-121060941.8202329
173,2009-04-17,1.0,4,17,451169992.9104056,65175046.77706068
174,2009-04-20,0.0,0,20,371305901.84095865,25711849.393108916
175,2009-04-21,1.0,1,21,324129378.5071948,30328400.350578975
176,2009-04-22,0.0,2,22,255490649.0073782,45578610.4363781
177,2009-04-23,0.0,3,23,267791025.27575925,-49924139.49062344
178,2009-04-24,1.0,4,24,234762557.3707999,87704431.69868155
179,2009-04-27,1.0,0,27,145247276.3369913,7761666.229424201
180,2009-04-28,0.0,1,28,157817116.2348212,-16059635.683922684
181,2009-04-29,1.0,2,29,205107966.4661967,-26374478.43453985
182,2009-04-30,0.0,3,30,159283477.73451596,75656700.2856449
183,2009-05-01,0.0,4,1,170511843.07572356,-80604882.68267004
184,2009-05-04,1.0,0,4,221496965.04145575,33276433.750918306
185,2009-05-05,0.0,1,5,293854175.6541359,-97335871.05526577
186,2009-05-06,1.0,2,6,409545632.6774069,-10429643.123985538
187,2009-05-07,0.0,3,7,390492031.28048587,39100088.08327571
188,2009-05-08,1.0,4,8,288245312.7776934,71449756.46417117
189,2009-05-11,0.0,0,11,224450172.69879314,-135117.612573476
190,2009-05-12,1.0,1,12,216518317.43740085,-8269687.956206189
191,2009-05-13,0.0,2,13,207326168.17814654,22567978.39944373
192,2009-05-14,1.0,3,14,198292057.33178785,13302982.03615159
193,2009-05-15,0.0,4,15,172995693.75157344,16781595.770818084
194,2009-05-18,0.0,0,18,151088295.7160342,9454767.595538741
195,2009-05-19,1.0,1,19,280409521.1351803,-131406903.6896931
196,2009-05-20,1.0,2,20,294594340.9523353,121434361.50611146
197,2009-05-21,1.0,3,21,136862740.39673656,42879668.12747743
198,2009-05-22,0.0,4,22,146834516.24641532,-47978114.62353144
199,2009-05-26,1.0,1,26,175503007.6296256,22633183.33888038
200,2009-05-27,0.0,2,27,158811529.28154454,-1274452.4729725006
201,2009-05-28,0.0,3,28,213083519.72403005,-47573599.87741934
202,2009-05-29,0.0,4,29,188064738.15879384,76239062.91968468
203,2009-06-01,0.0,0,1,121591531.7089103,8066995.27027392
204,2009-06-02,0.0,1,2,111348685.84620392,5297327.5787461195
205,2009-06-03,0.0,2,3,97297435.0735175,11456219.63996421
206,2009-06-04,0.0,3,4,99565528.49468227,-10812014.511623552
207,2009-06-05,0.0,4,5,64770827.82568516,47096994.32506496
208,2009-06-08,1.0,0,8,17937899.34567192,1502231.3920170744
209,2009-06-09,1.0,1,9,39655010.1115579,-22048080.695281368
210,2009-06-10,0.0,2,10,83452998.42448038,-20074070.141088653
211,2009-06-11,0.0,3,11,42895279.502392754,61346113.07253935
212,2009-06-12,1.0,4,12,30337242.756237265,-46357694.25399008
213,2009-06-15,1.0,0,15,84049633.29581475,-6269790.846543498
214,2009-06-16,1.0,1,16,89340008.5610471,3195156.5715280743
215,2009-06-17,0.0,2,17,74612670.05086242,13616783.127223652
216,2009-06-18,1.0,3,18,283163791.0553213,-214626459.6679494
217,2009-06-19,1.0,4,19,328626649.4338319,172150123.13165084
218,2009-06-22,1.0,0,22,124114951.5989222,39890173.07027922
219,2009-06-23,1.0,1,23,75892786.1069488,11362941.315503309
220,2009-06-24,0.0,2,24,80473852.66307431,16061086.566262336
221,2009-06-25,1.0,3,25,126622296.49420206,-58508217.777947366
222,2009-06-26,0.0,4,26,120765141.68242726,66062442.24066295
223,2009-06-29,1.0,0,29,69194943.87369846,-10975989.042604119
224,2009-06-30,0.0,1,30,46068951.28984108,35122120.09943918
225,2009-07-01,1.0,2,1,-7145915.31453394,18935534.01872492
226,2009-07-02,0.0,3,2,9298420.536817253,-34530659.210441805
227,2009-07-06,1.0,0,6,46426142.32124431,-2155009.8129036287
228,2009-07-07,0.0,1,7,131090366.87599473,-79150505.6143264
229,2009-07-08,0.0,2,8,116004757.9245801,95300144.72127773
230,2009-07-09,1.0,3,9,10265900.077307446,13215054.560028413
231,2009-07-10,0.0,4,10,54168225.92116703,-55292560.95709781
232,2009-07-13,0.0,0,13,63429193.26892372,46379975.07520851
233,2009-07-14,0.0,1,14,101435552.5307997,-80557127.67338882
234,2009-07-15,0.0,2,15,118993677.1417619,64102464.32914578
235,2009-07-16,0.0,3,16,118000942.14829174,-58426062.052590474
236,2009-07-17,0.0,4,17,114446873.48604985,63521795.23027824
237,2009-07-20,0.0,0,20,56943618.04780101,-2870903.239180882
238,2009-07-21,1.0,1,21,46312094.063986525,14730605.156781014
239,2009-07-22,0.0,2,22,86654165.52248819,-52400533.43639775
240,2009-07-23,0.0,3,23,96256987.73753606,44036237.584967405
241,2009-07-24,0.0,4,24,42570879.71452588,11953751.669972599
242,2009-07-27,1.0,0,27,33332279.290976267,2479039.576399643
243,2009-07-28,1.0,1,28,25816944.246275097,5887051.9070796855
244,2009-07-29,0.0,2,29,50398669.02710881,-28920510.57962535
245,2009-07-30,0.0,3,30,103391909.57726316,-22071273.261006452
246,2009-07-31,0.0,4,31,95125048.53219381,32304263.595560808
247,2009-08-03,0.0,0,3,46090659.67789593,18829357.01684703
248,2009-08-04,1.0,1,4,57231498.90191554,-27929129.92655792
249,2009-08-05,1.0,2,5,71262924.96654023,15123205.460807964
250,2009-08-06,0.0,3,6,62642041.99879472,6281997.876162037
251,2009-08-07,1.0,4,7,17750244.83794824,39354302.47903058
252,2009-08-10,1.0,0,10,-13640567.946848061,-7177083.394552659
253,2009-08-11,0.0,1,11,11991607.531227484,-18189498.19642118
254,2009-08-12,0.0,2,12,-6916429.942275121,36617506.08885057
255,2009-08-13,1.0,3,13,-23633746.223845467,-19431016.960552003
256,2009-08-14,1.0,4,14,19899593.604842022,-23945030.84980624
257,2009-08-17,0.0,0,17,9084656.002225362,34535260.05634265
258,2009-08-18,0.0,1,18,-11663932.680419477,-13071098.414742954
259,2009-08-19,0.0,2,19,-16853318.435226116,17660376.90780887
260,2009-08-20,0.0,3,20,67092373.97585764,-99348399.3342143
261,2009-08-21,0.0,4,21,92378031.21308525,74034654.1503184
262,2009-08-24,0.0,0,24,8555862.575057762,11991301.27361114
263,2009-08-25,0.0,1,25,-16871032.321038574,13459604.808319055
264,2009-08-26,0.0,2,26,-23623206.101727113,-6815094.921951264
265,2009-08-27,1.0,3,27,12803812.42588799,-29317068.60529306
266,2009-08-28,1.0,4,28,38993039.72188822,3514583.3889670772
267,2009-08-31,1.0,0,31,83393241.91763802,-45603410.69967087
268,2009-09-01,1.0,1,1,63312582.92446462,66271000.73556093
269,2009-09-02,0.0,2,2,-5868443.2110372195,4560883.936675475
270,2009-09-03,0.0,3,3,-22077513.32845855,11357283.401644392
271,2009-09-04,0.0,4,4,2285170.2997922525,-35234379.43202956
272,2009-09-08,0.0,1,8,28901226.060047198,8606115.255769972
273,2009-09-09,0.0,2,9,51846560.22885176,-29899342.008707073
274,2009-09-10,1.0,3,10,55326687.84572635,27198483.796197057
275,2009-09-11,0.0,4,11,29037119.093495812,638102.1350142483
276,2009-09-14,0.0,0,14,48566659.8409229,-18795835.64963644
277,2009-09-15,0.0,1,15,80143475.5791037,-11106569.992595624
278,2009-09-16,1.0,2,16,80866875.96376577,12267224.989099104
279,2009-09-17,0.0,3,17,212644122.04376957,-138294021.6744251
280,2009-09-18,1.0,4,18,171396582.73732048,180512098.24909103
281,2009-09-21,0.0,0,21,10999174.742361892,-15196577.01109794
282,2009-09-22,1.0,1,22,53926674.76929985,-26620146.468101818
283,2009-09-23,1.0,2,23,58441118.48506519,23044302.56621642
284,2009-09-24,1.0,3,24,27513645.693622645,9288699.1558033
285,2009-09-25,0.0,4,25,451709.4130780461,18161585.03252019
286,2009-09-28,1.0,0,28,-24401662.091231946,6681897.567863567
287,2009-09-29,1.0,1,29,15845763.388929361,-46222314.367167205
288,2009-09-30,1.0,2,30,63349745.681265704,2495731.107087612
289,2009-10-01,1.0,3,1,63349745.69070055,2495731.1076757945
290,2009-10-02,0.0,4,2,28884677.822150346,32896957.68957423
291,2009-10-05,0.0,0,5,19873342.77031856,-22424961.47926044
292,2009-10-06,1.0,1,6,14860336.97998298,27395070.36515606
293,2009-10-07,0.0,2,7,18093799.12632839,-29349326.032659873
294,2009-10-08,0.0,3,8,12670383.328205116,34502714.35048581
295,2009-10-09,0.0,4,9,-22786224.219503853,1391485.4417345314
296,2009-10-12,1.0,0,12,13332085.297352163,-36997265.72331029
297,2009-10-13,0.0,1,13,102576297.65577495,-50467089.457662806
298,2009-10-14,0.0,2,14,130601823.5603445,24584151.678994972
299,2009-10-15,1.0,3,15,147617367.73189986,-37162785.54169705
300,2009-10-16,0.0,4,16,99204917.85436827,87266952.44221288
301,2009-10-19,1.0,0,19,34594605.32619308,-19474211.169738647
302,2009-10-20,1.0,1,20,80492504.14108828,-24757484.94710145
303,2009-10-21,0.0,2,21,92298278.99400176,14780454.806382814
304,2009-10-22,1.0,3,22,131746323.7984326,-50431408.835070714
305,2009-10-23,1.0,4,23,157744424.04664335,27253184.762230624
306,2009-10-26,0.0,0,26,109257151.4701059,24781566.95592334
307,2009-10-27,1.0,1,27,100767244.41614363,-13017344.113073835
308,2009-10-28,0.0,2,28,108917772.40500946,7402288.437449829
309,2009-10-29,1.0,3,29,159622756.46650904,-53799360.95485729
310,2009-10-30,0.0,4,30,153566035.74244472,62487901.606730275
311,2009-11-02,1.0,0,2,86029278.03099795,8895548.128159327
312,2009-11-03,0.0,1,3,73100712.12858976,6221995.528986375
313,2009-11-04,0.0,2,4,58569467.69302448,10069479.774298146
314,2009-11-05,0.0,3,5,27930326.977607496,21662238.531142745
315,2009-11-06,0.0,4,6,40229539.795187116,-32273481.20861207
316,2009-11-09,0.0,0,9,48665265.68144233,24391856.77136175
317,2009-11-10,0.0,1,10,5911255.494608407,19262927.888409145
318,2009-11-11,1.0,2,11,-866422.9763154916,-11881189.927292144
319,2009-11-12,0.0,3,12,-910027.1327662751,11751649.484963033
320,2009-11-13,0.0,4,13,12816530.43339113,-24720348.228776783
321,2009-11-16,0.0,0,16,5771775.576188174,31438515.978533577
322,2009-11-17,1.0,1,17,-19378359.539364308,-5842224.397957555
323,2009-11-18,1.0,2,18,7635348.381626153,-20981183.528539993
324,2009-11-19,1.0,3,19,52988308.11678973,-23428537.455974422
325,2009-11-20,0.0,4,20,29109387.1026134,47594641.37065375
326,2009-11-23,1.0,0,23,3719316.928480089,21555675.089614935
327,2009-11-24,0.0,1,24,-41548646.18335984,23359674.335929696
328,2009-11-25,1.0,2,25,-64904309.98038732,-893695.9033207025
329,2009-11-27,0.0,4,27,-21849526.095645417,-42582238.49396765
330,2009-11-30,0.0,0,30,24608004.721578255,5062611.261206653
331,2009-12-01,1.0,1,1,-2005276.3971671194,21772474.25453393
332,2009-12-02,1.0,2,2,37026306.81669235,-59193165.43430231
333,2009-12-03,0.0,3,3,251141180.9050764,-149992711.93311712
334,2009-12-04,0.0,4,4,213345072.12796563,189513188.8417812
335,2009-12-07,1.0,0,7,47018376.95534075,-17146465.988291845
336,2009-12-08,0.0,1,8,40862639.700104885,24038829.916777283
337,2009-12-09,0.0,2,9,22939260.405342087,-4799132.461903173
338,2009-12-10,0.0,3,10,16623018.259931777,11555643.146201208
339,2009-12-11,0.0,4,11,-12841196.944629999,18022150.83155532
340,2009-12-14,1.0,0,14,-6950035.183527838,-23491778.313610774
341,2009-12-15,1.0,1,15,31084272.06701253,-14207707.528228415
342,2009-12-16,1.0,2,16,38804526.273681074,7246025.827593071
343,2009-12-17,0.0,3,17,233552730.48455536,-195847863.34656334
344,2009-12-18,0.0,4,18,203912898.23254493,225834292.83751717
345,2009-12-21,0.0,0,21,-37466135.1016522,20384526.732570045
346,2009-12-22,0.0,1,22,-74179436.08532585,15133809.692936128
347,2009-12-23,0.0,2,23,-132779064.4152601,40679691.08242307
348,2009-12-24,0.0,3,24,-139194185.2113091,-36573955.59573422
349,2009-12-28,1.0,0,28,-111278140.05306187,5119022.487358794
350,2009-12-29,0.0,1,29,-105280251.27485232,-13467333.534052985
351,2009-12-30,1.0,2,30,-73333865.60914963,-20496539.87860147
352,2009-12-31,0.0,3,31,-23983579.26351269,-29816584.687757455
353,2010-01-04,1.0,0,4,11498067.007267378,-5975947.619530714
354,2010-01-05,0.0,1,5,15823751.845928572,2041286.9810770804
355,2010-01-06,0.0,2,6,36524137.26124772,-21634999.535221476
356,2010-01-07,0.0,3,7,33108059.23239626,25482603.44818558
357,2010-01-08,0.0,4,8,29815133.975108787,22105520.630694397
358,2010-01-11,1.0,0,11,61418062.06301149,-51481409.82329463
359,2010-01-12,0.0,1,12,74961312.86745271,38668897.75932584
360,2010-01-13,0.0,2,13,36726104.48890703,1590783.7500094099
361,2010-01-14,1.0,3,14,151394058.43410105,-112300710.76887459
362,2010-01-15,0.0,4,15,141945129.05958876,122633999.80766107
363,2010-01-19,1.0,1,19,30680189.367909566,-7402825.665068116
364,2010-01-20,1.0,2,20,110770837.46187426,-69966256.52932245
365,2010-01-21,1.0,3,21,195135602.8626143,-11133649.478933813
366,2010-01-22,0.0,4,22,131097882.47987983,78306516.90364519
367,2010-01-25,1.0,0,25,56907910.78168724,-601360.3408911625
368,2010-01-26,0.0,1,26,90408870.4790449,-30515963.76697464
369,2010-01-27,1.0,2,27,105896646.57882255,17052303.92351241
370,2010-01-28,1.0,3,28,145476439.44907904,-52436233.945219725
371,2010-01-29,0.0,4,29,114306533.06207143,85293575.22860228
372,2010-02-01,0.0,0,1,59314399.57689111,-26552167.87522279
373,2010-02-02,1.0,1,2,58988875.41241683,27831636.09205163
374,2010-02-03,1.0,2,3,107712138.48917879,-73031506.99248672
375,2010-02-04,0.0,3,4,118241147.47270237,63774746.04456095
376,2010-02-05,1.0,4,5,70386422.20320979,14696993.61591469
377,2010-02-08,0.0,0,8,71103175.01147339,-13129974.539888669
378,2010-02-09,1.0,1,9,43776753.155007385,41365735.09119105
379,2010-02-10,0.0,2,10,14919985.78325228,-10960701.588280078
380,2010-02-11,1.0,3,11,99057039.6604559,-70835359.4701521
381,2010-02-12,0.0,4,12,126183157.5014871,45234134.49554502
382,2010-02-16,0.0,1,16,53365506.6486419,30186253.612740003
383,2010-02-17,0.0,2,17,18603244.80729869,5937467.032785414
384,2010-02-18,0.0,3,18,53455570.44687009,-39164091.6538576
385,2010-02-19,1.0,4,19,33210403.13510465,59406506.9055514
386,2010-02-22,1.0,0,22,-1824877.491984788,-22790665.852683067
387,2010-02-23,0.0,1,23,14073327.060155889,6820838.5304236
388,2010-02-24,1.0,2,24,51333568.12082823,-42486245.49047645
389,2010-02-25,0.0,3,25,122320271.50731875,-26365363.49151238
390,2010-02-26,0.0,4,26,72355412.99828942,77621917.99995527
391,2010-03-01,0.0,0,1,27793772.5801309,-30287683.05817086
392,2010-03-02,1.0,1,2,33849256.82285995,24466568.92667872
393,2010-03-03,0.0,2,3,-2375650.6793577936,12454463.582302324
394,2010-03-04,0.0,3,4,-1360868.7857346775,-13047175.927918548
395,2010-03-05,1.0,4,5,2632984.4832065343,8939413.983510315
396,2010-03-08,0.0,0,8,28337261.423818372,-33569133.93655541
397,2010-03-09,1.0,1,9,38068630.454438314,24095508.23321265
398,2010-03-10,0.0,2,10,-11355178.809992513,25791407.557775
399,2010-03-11,0.0,3,11,-25329990.704469383,-11659482.048987597
400,2010-03-12,0.0,4,12,-18050143.438909724,3784880.147316368
401,2010-03-15,0.0,0,15,25916815.95307501,-46866052.51729688
402,2010-03-16,0.0,1,16,48795211.05257641,24181347.411182866
403,2010-03-17,0.0,2,17,-3687045.8105171053,28957246.463449404
404,2010-03-18,1.0,3,18,168876055.409289,-196444688.45867765
405,2010-03-19,0.0,4,19,166670625.39175358,198053758.02467936
406,2010-03-22,0.0,0,22,-3836112.5364958737,-22561463.52739429
407,2010-03-23,1.0,1,23,23065838.62345137,-4182303.522265447
408,2010-03-24,0.0,2,24,30962835.555767193,-2901702.3479263666
409,2010-03-25,0.0,3,25,16501197.62154872,17847857.3599065
410,2010-03-26,0.0,4,26,-28605715.171423085,27136582.561354328
411,2010-03-29,0.0,0,29,-47015918.275588244,-9076161.345175812
412,2010-03-30,1.0,1,30,-4022923.5429749973,-34097650.14458018
413,2010-03-31,0.0,2,31,2784248.2845881926,26655757.2629399
414,2010-04-01,0.0,3,1,-37771600.86144371,13768697.931496758
415,2010-04-05,1.0,0,5,-37099016.667643815,-14877063.194909776
416,2010-04-06,1.0,1,6,-3441454.510690853,-19091384.99486448
417,2010-04-07,0.0,2,7,-4661356.9912533825,19864979.542249754
418,2010-04-08,0.0,3,8,-30178934.977357734,5541187.6943967305
419,2010-04-09,0.0,4,9,-33589759.13765383,-2683724.3752887556
420,2010-04-12,0.0,0,12,-9813944.392501878,-21257919.71245224
421,2010-04-13,0.0,1,13,39740341.131472796,-27690165.302249383
422,2010-04-14,0.0,2,14,53181948.460900344,15029433.149747334
423,2010-04-15,1.0,3,15,160959575.82209128,-118275765.27883074
424,2010-04-16,0.0,4,16,137481317.91663626,142378244.29247943
425,2010-04-19,0.0,0,19,11340963.686098903,13014110.643643836
426,2010-04-20,0.0,1,20,8523120.640404431,-9513940.606206454
427,2010-04-21,0.0,2,21,36580861.2473837,-17723672.092599936
428,2010-04-22,0.0,3,22,49365651.11363834,5873021.486139093
429,2010-04-23,0.0,4,23,33186423.09620773,11425190.486372678
430,2010-04-26,1.0,0,26,73570990.57092468,-49546021.63918624
431,2010-04-27,0.0,1,27,104399799.21441805,20229794.779409345
432,2010-04-28,0.0,2,28,55408637.76214071,30791906.140114706
433,2010-04-29,1.0,3,29,69318434.95580122,-42061319.195393376
434,2010-04-30,0.0,4,30,56613056.621807925,55274944.65997304
435,2010-05-03,1.0,0,3,48658684.680768706,-44584911.47227617
436,2010-05-04,1.0,1,4,76692272.00733443,17497060.79529907
437,2010-05-05,1.0,2,5,233038908.94463527,-167454677.76761505
438,2010-05-06,1.0,3,6,379020314.3964992,26891144.004871286
439,2010-05-07,0.0,4,7,274657800.7202514,85131643.01683915
440,2010-05-10,1.0,0,10,110539424.71224013,84008509.09169781
441,2010-05-11,0.0,1,11,29139953.917135727,528705.3298246968
442,2010-05-12,1.0,2,12,32526220.067003217,-2945621.316396189
443,2010-05-13,1.0,3,13,75304904.03663795,-37884240.29017381
444,2010-05-14,0.0,4,14,88950528.25553992,25656812.893964767
445,2010-05-17,1.0,0,17,82314896.17057228,-16184889.82737041
446,2010-05-18,1.0,1,18,113689094.39271201,-12613869.68711704
447,2010-05-19,1.0,2,19,194939227.16168255,-63947064.78772007
448,2010-05-20,0.0,3,20,316323081.4806019,-51001915.22253122
449,2010-05-21,1.0,4,21,208311225.73502648,163079564.60777518
450,2010-05-24,1.0,0,24,125538933.52991,-72969228.2968322
451,2010-05-25,1.0,1,25,198582477.04201525,3201606.3144711107
452,2010-05-26,0.0,2,26,161231621.45283616,38392572.27790391
453,2010-05-27,1.0,3,27,110339398.78811455,16351695.027887655
454,2010-05-28,1.0,4,28,80021274.4932176,16513677.4132139
455,2010-06-01,0.0,1,1,49716888.66424514,15586802.02393305
456,2010-06-02,0.0,2,2,17852265.752820507,17256743.973459844
457,2010-06-03,1.0,3,3,58195536.02667712,-55574113.7851152
458,2010-06-04,1.0,4,4,89757791.97179808,25009336.7440123
459,2010-06-07,0.0,0,7,92563551.24598296,-24739541.7848945
460,2010-06-08,1.0,1,8,91721878.01137592,27396042.858975943
461,2010-06-09,0.0,2,9,65210916.187419884,1568317.3985937445
462,2010-06-10,0.0,3,10,40319215.01010588,24512844.243367624
463,2010-06-11,1.0,4,11,9556278.53100995,7244716.412501402
464,2010-06-14,0.0,0,14,20674210.490773946,-17521288.28679099
465,2010-06-15,0.0,1,15,11474523.484553218,26715903.747056276
466,2010-06-16,0.0,2,16,-3679903.0116846855,-10841800.621188048
467,2010-06-17,0.0,3,17,119414925.81268278,-109401749.89190274
468,2010-06-18,1.0,4,18,105245149.98385035,123613557.44422331
469,2010-06-21,1.0,0,21,41335169.90194232,-55447407.98190017
470,2010-06-22,0.0,1,22,82426803.63619971,-13305591.989098554
471,2010-06-23,1.0,2,23,82774515.78937323,-12948993.332522048
472,2010-06-24,1.0,3,24,232739485.25924274,-131393139.45242184
473,2010-06-25,1.0,4,25,171827249.4535319,193458616.16367933
474,2010-06-28,1.0,0,28,73551859.75445108,-88383658.45697317
475,2010-06-29,1.0,1,29,122123434.25148901,40798500.71606194
476,2010-06-30,1.0,2,30,103293974.55167478,-18232613.50588397
477,2010-07-01,1.0,3,1,77367901.24733648,45777964.69933246
478,2010-07-02,0.0,4,2,77207668.4520617,-42407291.0148831
479,2010-07-06,0.0,1,6,90423540.13055485,30533608.590805028
480,2010-07-07,0.0,2,7,41897271.37926942,19943266.78868802
481,2010-07-08,0.0,3,8,-18293337.08258359,40434073.27647933
482,2010-07-09,0.0,4,9,-60742991.87204602,1655094.352296542
483,2010-07-12,0.0,0,12,-29016333.018079355,-33917985.59308203
484,2010-07-13,0.0,1,13,25293723.1030861,-20461373.853250477
485,2010-07-14,1.0,2,14,46934038.13896084,-373622.2530155898
486,2010-07-15,1.0,3,15,137499694.00227547,-86629210.30318837
487,2010-07-16,0.0,4,16,111619813.38621722,113277476.625546
488,2010-07-19,0.0,0,19,13739076.514066968,-12085847.496567557
489,2010-07-20,1.0,1,20,32709024.007678717,-6224551.434070603
490,2010-07-21,0.0,2,21,38131440.02367568,1742876.2881338834
491,2010-07-22,0.0,3,22,35369125.674932554,2089891.3655912762
492,2010-07-23,0.0,4,23,18655000.302315444,15286815.745793067
493,2010-07-26,0.0,0,26,5107249.850637779,-1085226.2047610648
494,2010-07-27,1.0,1,27,-6916141.013558875,13054836.456609184
495,2010-07-28,1.0,2,28,13181557.218031337,-32353103.65862846
496,2010-07-29,1.0,3,29,37395106.23886488,-7520726.974109482
497,2010-07-30,0.0,4,30,16347174.180342793,28934230.83434436
498,2010-08-02,1.0,0,2,-13917111.792770961,1849899.6808335928
499,2010-08-03,0.0,1,3,-9772510.031362,-6046319.426841617
500,2010-08-04,0.0,2,4,-28016413.258609664,23586987.758155983
501,2010-08-05,1.0,3,5,-40652555.15353687,-11230508.09945422
502,2010-08-06,0.0,4,6,-21794065.79694161,-8305345.051708828
503,2010-08-09,1.0,0,9,12812001.295173347,-26042800.304665733
504,2010-08-10,1.0,1,10,50095480.629688606,-10495666.575339546
505,2010-08-11,1.0,2,11,62371002.45821231,-341496.7935629329
506,2010-08-12,1.0,3,12,13862235.235883143,49332818.4917701
507,2010-08-13,1.0,4,13,-38590049.738916256,3532793.413679475
508,2010-08-16,0.0,0,16,-10052099.438769761,-32087591.086484842
509,2010-08-17,0.0,1,17,5263331.066338166,16249309.80498364
510,2010-08-18,1.0,2,18,31731140.71736456,-41375822.3125944
511,2010-08-19,1.0,3,19,89807334.8997582,-15347834.187488982
512,2010-08-20,1.0,4,20,50197365.94986864,55971875.27507411
513,2010-08-23,1.0,0,23,31923990.782367203,-35362503.02376402
514,2010-08-24,0.0,1,24,33403935.941447232,33979365.00989442
515,2010-08-25,1.0,2,25,16057364.11220266,16189465.413042223
516,2010-08-26,0.0,3,26,22850494.261564683,-21864097.17086674
517,2010-08-27,1.0,4,27,3781850.15186124,40627743.18993319
518,2010-08-30,0.0,0,30,38927053.98472972,-73644811.02446254
519,2010-08-31,0.0,1,31,76597808.95345975,36193260.32641006
520,2010-09-01,0.0,2,1,1956900.44992371,39543972.638302006
521,2010-09-02,0.0,3,2,-23617569.658979256,-13426998.4510505
522,2010-09-03,1.0,4,3,-24587897.32985408,13595602.537694825
523,2010-09-07,0.0,1,7,-25556292.56162932,-12779655.009126764
524,2010-09-08,0.0,2,8,-15455069.008226058,2120431.6547013214
525,2010-09-09,0.0,3,9,-34328797.92757652,16096273.540194288
526,2010-09-10,0.0,4,10,-14489302.154976077,-35750108.27276817
527,2010-09-13,1.0,0,13,21906412.95688581,-844979.4334401155
528,2010-09-14,0.0,1,14,5194121.942321287,17811266.94150794
529,2010-09-15,0.0,2,15,130806148.63801531,-139574103.8310959
530,2010-09-16,0.0,3,16,218083631.40070716,-50066063.253945395
531,2010-09-17,0.0,4,17,119866601.20732228,150168151.4612016
532,2010-09-20,0.0,0,20,-5610294.673771316,-20943230.626044255
533,2010-09-21,1.0,1,21,2073414.8167652567,12934896.657573607
534,2010-09-22,1.0,2,22,-19017460.0551505,8150014.575674585
535,2010-09-23,0.0,3,23,-11161059.89836746,-15935835.556411168
536,2010-09-24,1.0,4,24,-20811790.564825844,24816423.247796353
537,2010-09-27,0.0,0,27,-28887106.50753592,-16696934.510580944
538,2010-09-28,1.0,1,28,-18618748.457009222,5694117.782548125
539,2010-09-29,1.0,2,29,15487516.517739391,-39126917.32659963
540,2010-09-30,0.0,3,30,16684403.32350595,37516373.716700345
541,2010-10-01,1.0,4,1,-21160387.836161863,881626.8219890652
542,2010-10-04,0.0,0,4,-20023511.81839461,-2349907.3218303868
543,2010-10-05,0.0,1,5,2784180.3042950206,21040682.87169019
544,2010-10-06,1.0,2,6,-33287962.857616592,14871870.71583921
545,2010-10-07,0.0,3,7,-40894242.586061694,-7768458.535131312
546,2010-10-08,0.0,4,8,-60474757.332244895,25793954.10166314
547,2010-10-11,0.0,0,11,-57751730.35321895,-29167760.06442343
548,2010-10-12,0.0,1,12,20350185.195986938,-49008276.20060093
549,2010-10-13,1.0,2,13,48474492.47252043,21016281.91039805
550,2010-10-14,1.0,3,14,116496414.44179,-85465745.80768031
551,2010-10-15,0.0,4,15,110091203.31645584,92630243.11519289
552,2010-10-18,1.0,0,18,61149327.53513834,-39710535.52619479
553,2010-10-19,0.0,1,19,51369747.78376108,49926280.123473026
554,2010-10-20,0.0,2,20,13410121.547259144,10996516.596569402
555,2010-10-21,1.0,3,21,-49822849.09599814,51414509.33491033
556,2010-10-22,0.0,4,22,-55635546.63325206,-45561385.851322725
557,2010-10-25,0.0,0,25,-17770265.02423333,6263482.179796528
558,2010-10-26,1.0,1,26,-18345887.440489043,-5843340.641611364
559,2010-10-27,1.0,2,27,3426551.685580737,-15843710.338605009
560,2010-10-28,0.0,3,28,20372103.243213966,1534920.07492548
561,2010-10-29,0.0,4,29,-9111863.914064864,27905843.191953085
562,2010-11-01,0.0,0,1,-36515786.283137865,-570867.2548279349
563,2010-11-02,0.0,1,2,24014971.713679455,-59230044.1343698
564,2010-11-03,0.0,2,3,67849477.2126085,-14275256.56827865
565,2010-11-04,0.0,3,4,66385795.129828766,17183158.383720182
566,2010-11-05,1.0,4,5,1864880.5646296786,47958052.044411786
567,2010-11-08,1.0,0,8,-32554308.40718856,-13009383.7613753
568,2010-11-09,0.0,1,9,-18425733.292831555,-1756945.575800669
569,2010-11-10,1.0,2,10,78011113.64573732,-92634017.72910169
570,2010-11-11,1.0,3,11,113937367.09463091,57384262.860192284
571,2010-11-12,0.0,4,12,14395082.878762007,44092391.6616029
572,2010-11-15,1.0,0,15,41934788.48914926,-69342668.2379612
573,2010-11-16,1.0,1,16,43456330.900466025,67321648.27798091
574,2010-11-17,0.0,2,17,-14143244.119235586,-8251242.048061598
575,2010-11-18,0.0,3,18,-19646975.38597342,13205359.318192236
576,2010-11-19,1.0,4,19,476702.3476584786,33843339.54586089
577,2010-11-22,1.0,0,22,-4238200.168333115,-28245056.192479704
578,2010-11-23,0.0,1,23,-15383056.831168324,38448306.819311775
579,2010-11-24,1.0,2,24,-103491129.71730112,48184501.341436744
580,2010-11-26,1.0,4,26,-92757696.79852237,-59883091.94059427
581,2010-11-29,1.0,0,29,24159305.13518803,-57778538.75431096
582,2010-11-30,0.0,1,30,59199357.433711536,22919508.515211634
583,2010-12-01,0.0,2,1,44234660.81650579,-6135701.950315315
584,2010-12-02,0.0,3,2,6060140.0354364,44453954.72524759
585,2010-12-03,1.0,4,3,-18861935.52369756,-18748506.05774188
586,2010-12-06,1.0,0,6,1973015.3451898387,2618925.3659922057
587,2010-12-07,0.0,1,7,-17132794.50387329,16270811.058787249
588,2010-12-08,1.0,2,8,-22267457.91382673,-11139970.24337092
589,2010-12-09,0.0,3,9,-23037317.956231534,11203740.628231028
590,2010-12-10,0.0,4,10,-34763170.30765586,80621.16967879038
591,2010-12-13,0.0,0,13,-36155234.04925361,558071.214128944
592,2010-12-14,1.0,1,14,-8580917.65220134,-28186703.516336244
593,2010-12-15,0.0,2,15,145291.72474107586,18907311.705701306
594,2010-12-16,1.0,3,16,121354715.47714104,-136475763.55859068
595,2010-12-17,1.0,4,17,90893048.01913793,165947115.89256406
596,2010-12-20,0.0,0,20,-75982092.01606226,3315585.122328915
597,2010-12-21,0.0,1,21,-78253135.2825906,-2766385.157543217
598,2010-12-22,0.0,2,22,-91602633.64836967,13909804.25335692
599,2010-12-23,1.0,3,23,-123600614.82883643,15500275.643688729
600,2010-12-27,0.0,0,27,-113678263.23370981,-27723626.75728934
601,2010-12-28,0.0,1,28,-113641766.47243036,24309891.939494155
602,2010-12-29,1.0,2,29,-139685516.8418886,-995709.5326816314
603,2010-12-30,0.0,3,30,-128548992.91947177,-13223478.536883693
604,2010-12-31,0.0,4,31,-38201564.997349404,-78259856.50377668
605,2011-01-03,0.0,0,3,20906568.248917922,17868083.13058549
606,2011-01-04,0.0,1,4,-2586054.7013388923,6150985.949482894
607,2011-01-05,1.0,2,5,7913890.788334341,-16154816.985333353
608,2011-01-06,1.0,3,6,20912063.19001059,3420811.0762068625
609,2011-01-07,1.0,4,7,-9610770.293590177,27093382.440974757
610,2011-01-10,0.0,0,10,-31321579.515348945,-5342325.693565171
611,2011-01-11,0.0,1,11,-35300185.879477486,8453727.778077817
612,2011-01-12,1.0,2,12,-32056115.780262318,-12140358.97437801
613,2011-01-13,0.0,3,13,7604294.093233917,-27487475.538773462
614,2011-01-14,0.0,4,14,36783981.53934072,-1314926.1922901985
615,2011-01-18,1.0,1,18,12021896.211035408,26489446.3015211
616,2011-01-19,1.0,2,19,-3489244.2624888434,-10259521.314300613
617,2011-01-20,0.0,3,20,55841466.91784256,-47789663.960370846
618,2011-01-21,0.0,4,21,56907177.04257974,47096779.021845385
619,2011-01-24,1.0,0,24,16885636.16765964,-5335168.9133229405
620,2011-01-25,0.0,1,25,5517356.715823195,16853603.522924587
621,2011-01-26,0.0,2,26,-11373226.027673475,319166.30046399456
622,2011-01-27,1.0,3,27,21463884.027282014,-32467823.529180642
623,2011-01-28,0.0,4,28,48422865.19408274,6052060.087919711
624,2011-01-31,0.0,0,31,24730752.99021641,18552780.81120213
625,2011-02-01,0.0,1,1,-19824015.300520536,26115923.085157745
626,2011-02-02,0.0,2,2,-36239681.50895639,9280720.348159458
627,2011-02-03,0.0,3,3,-61481724.138175115,14806078.140918056
628,2011-02-04,0.0,4,4,-68787140.23985618,-8700265.588515742
629,2011-02-07,0.0,0,7,-65499833.90451835,3709493.353464774
630,2011-02-08,0.0,1,8,35908408.98288679,-103984835.47996803
631,2011-02-09,1.0,2,9,60381954.773491636,-78885817.26263148
632,2011-02-10,0.0,3,10,74540119.28479834,64764972.093539
633,2011-02-11,1.0,4,11,-15560210.300092615,26707164.761816826
634,2011-02-14,1.0,0,14,-44746453.63421803,2175151.004622238
635,2011-02-15,0.0,1,15,-44736466.44894142,-3100159.4368765517
636,2011-02-16,0.0,2,16,-53193490.888047725,10299950.175002208
637,2011-02-17,0.0,3,17,7058395.782078038,-69973648.5283947
638,2011-02-18,1.0,4,18,56122793.32422457,20709699.942091595
639,2011-02-22,1.0,1,22,44776255.518009864,-7585624.397183822
640,2011-02-23,1.0,2,23,36693063.950564675,16539794.021932682
641,2011-02-24,0.0,3,24,-10121493.768856006,30580324.01623532
642,2011-02-25,0.0,4,25,-3119619.0627613254,-36752257.62575755
643,2011-02-28,1.0,0,28,21512417.59284741,11886056.170297371
644,2011-03-01,0.0,1,1,-15634552.337843383,25313115.53080563
645,2011-03-02,0.0,2,2,-33178448.258284636,-7819610.213826428
646,2011-03-03,1.0,3,3,-19455712.03308782,-6437217.358632016
647,2011-03-04,1.0,4,4,-6468555.30961308,-6725938.7366597345
648,2011-03-07,0.0,0,7,-12430265.807903169,12355887.901845014
649,2011-03-08,1.0,1,8,-46368502.69047362,20880363.028377622
650,2011-03-09,1.0,2,9,-30041604.324521426,-37289946.31821027
651,2011-03-10,0.0,3,10,-20013223.941319086,25979174.798498962
652,2011-03-11,1.0,4,11,-31997300.849061128,-13999455.746080969
653,2011-03-14,1.0,0,14,23689746.106437705,-41300492.32183389
654,2011-03-15,1.0,1,15,87841839.81624722,-21546166.99795432
655,2011-03-16,0.0,2,16,58865800.584790036,51597833.774524376
656,2011-03-17,0.0,3,17,132445855.42744264,-120445869.17342916
657,2011-03-18,0.0,4,18,101533094.91194832,151032934.67199665
658,2011-03-21,1.0,0,21,-66086871.60833236,18849519.33579896
659,2011-03-22,0.0,1,22,-72358040.18607041,-13766178.490216712
660,2011-03-23,0.0,2,23,-61264448.030134946,948423.5380221879
661,2011-03-24,0.0,3,24,-64194157.875801854,550805.3179604637
662,2011-03-25,1.0,4,25,-70276082.44625773,3939166.800618795
663,2011-03-28,0.0,0,28,-70700321.59279487,-5033013.600332255
664,2011-03-29,0.0,1,29,-58441831.653984725,-8661666.821789457
665,2011-03-30,1.0,2,30,-17754489.541377164,-32538356.070081536
666,2011-03-31,0.0,3,31,-13373706.392959699,27159050.3971385
667,2011-04-01,0.0,4,1,-63863718.32806633,22561889.108675554
668,2011-04-04,1.0,0,4,-67042008.38344628,-20346437.26646404
669,2011-04-05,0.0,1,5,-19071762.973782253,-28460502.380475074
670,2011-04-06,1.0,2,6,-8151089.282182696,16773075.698786553
671,2011-04-07,1.0,3,7,-50348947.842109405,24733680.62696253
672,2011-04-08,0.0,4,8,-84535591.67985314,8108302.9912088085
673,2011-04-11,1.0,0,11,-73967333.60501476,-20172165.908236496
674,2011-04-12,0.0,1,12,-68010858.53306344,12163767.737531617
675,2011-04-13,0.0,2,13,-65242705.66542005,-16109043.047819585
676,2011-04-14,0.0,3,14,-14602942.78498279,-35150453.51515773
677,2011-04-15,1.0,4,15,2622625.907579571,-17484649.540908135
678,2011-04-18,0.0,0,18,-8900082.83736387,28495460.637625325
679,2011-04-19,0.0,1,19,1614339.1435472106,-38113925.56546693
680,2011-04-20,0.0,2,20,12650011.38025305,26589302.62159358
681,2011-04-21,1.0,3,21,-40554713.23221972,26413016.260600384
682,2011-04-25,0.0,0,25,-27455139.876869448,-39392944.547028765
683,2011-04-26,0.0,1,26,-5609834.032026008,16571775.692650696
684,2011-04-27,0.0,2,27,-30408311.43652241,8027507.556872015
685,2011-04-28,0.0,3,28,125933969.6293769,-160885827.68832356
686,2011-04-29,0.0,4,29,123407910.29583068,162623545.01004693
687,2011-05-02,0.0,0,2,-6495587.6818901,-28683692.933924418
688,2011-05-03,1.0,1,3,23395857.795811255,-1193911.4482417973
689,2011-05-04,1.0,2,4,12931880.464315157,12096016.24955118
690,2011-05-05,0.0,3,5,-29569687.616433848,30115719.573341705
691,2011-05-06,0.0,4,6,-53305510.76743143,5773278.036080917
692,2011-05-09,0.0,0,9,-43801901.278936595,-16078953.215029659
693,2011-05-10,1.0,1,10,3588444.0139929783,-31477043.03136221
694,2011-05-11,0.0,2,11,46114696.93029384,-10538821.734826898
695,2011-05-12,1.0,3,12,23823289.360790327,33306895.822168436
696,2011-05-13,1.0,4,13,7327686.130802573,-15653055.909222258
697,2011-05-16,1.0,0,16,23317146.650760416,201.00691437358643
698,2011-05-17,0.0,1,17,11000317.305464895,12736378.399019012
699,2011-05-18,0.0,2,18,-13284481.641119992,11680376.714694533
700,2011-05-19,1.0,3,19,-13087645.855028603,-11766666.930188835
701,2011-05-20,1.0,4,20,-18930999.495774254,16990643.760869697
702,2011-05-23,1.0,0,23,-39304282.976033024,2972194.513648182
703,2011-05-24,0.0,1,24,-40399993.75240956,-2663576.7628319263
704,2011-05-25,0.0,2,25,-36005720.93822126,1843000.8438546474
705,2011-05-26,0.0,3,26,-54696871.22462796,15676635.732549991
706,2011-05-27,0.0,4,27,-11885951.195108686,-58247476.19485181
707,2011-05-31,1.0,1,31,27449573.722805265,18290076.526029237
708,2011-06-01,0.0,2,1,-9272799.46864232,18802623.986925166
709,2011-06-02,1.0,3,2,-26897067.641389754,-1234455.9046983174
710,2011-06-03,1.0,4,3,-19597122.133172583,-6439001.573715939
711,2011-06-06,1.0,0,6,-16268421.998539086,2690043.032904212
712,2011-06-07,1.0,1,7,-23163635.272737466,3840579.3504866394
713,2011-06-08,0.0,2,8,-32304414.401637025,4736490.487262823
714,2011-06-09,1.0,3,9,-16826055.54139276,-20370508.669530716
715,2011-06-10,0.0,4,10,-14708903.778411737,17524786.13666034
716,2011-06-13,0.0,0,13,-27645429.332018986,-4694853.964339982
717,2011-06-14,1.0,1,14,-6900690.698747931,-16193232.910562772
718,2011-06-15,0.0,2,15,123277137.08802065,-111170428.25406033
719,2011-06-16,0.0,3,16,116887948.90964043,-117722905.44248271
720,2011-06-17,0.0,4,17,80873705.88755298,152964474.25187212
721,2011-06-20,0.0,0,20,-54508027.50774599,-14983571.995902894
722,2011-06-21,1.0,1,21,-56245245.452434815,15091368.965131575
723,2011-06-22,1.0,2,22,-13470078.287208036,-57680518.27371105
724,2011-06-23,1.0,3,23,95572929.07812712,-50272587.91341888
725,2011-06-24,0.0,4,24,73623615.96040969,72949428.1928535
726,2011-06-27,0.0,0,27,-28097773.572009776,30035288.342753842
727,2011-06-28,0.0,1,28,-41079534.87928787,-17183136.804122545
728,2011-06-29,0.0,2,29,-9333255.57853145,-15078321.173947878
729,2011-06-30,0.0,3,30,-21776700.81276232,26748947.094178565
730,2011-07-01,1.0,4,1,-61892796.998050824,12636972.53117107
731,2011-07-05,0.0,1,5,-68386484.47105859,-7386958.725142546
732,2011-07-06,0.0,2,6,-46543985.41920768,-15653894.949215181
733,2011-07-07,1.0,3,7,-47770832.33779723,15445800.332716154
734,2011-07-08,1.0,4,8,-62038035.791306615,-2194069.431930274
735,2011-07-11,1.0,0,11,-39529559.29437606,-21208553.006099638
736,2011-07-12,0.0,1,12,-35242611.09581285,15660445.82987891
737,2011-07-13,1.0,2,13,-50467789.09414922,-1157058.5818281032
738,2011-07-14,0.0,3,14,3537279.09580975,-52643079.08189058
739,2011-07-15,1.0,4,15,8034084.867842124,47180223.496844545
740,2011-07-18,0.0,0,18,-25053506.819229033,-13395614.709379507
741,2011-07-19,1.0,1,19,-31549886.124512076,18917558.39346476
742,2011-07-20,0.0,2,20,-16129234.07731554,-34123109.872976765
743,2011-07-21,1.0,3,21,-19550084.530561827,36352028.879326634
744,2011-07-22,1.0,4,22,-61336242.09228845,4957132.257072208
745,2011-07-25,1.0,0,25,-55193663.05168563,-12206000.40455437
746,2011-07-26,1.0,1,26,-16816292.524353806,-26748996.320223846
747,2011-07-27,1.0,2,27,43921189.63447544,-33414936.474105418
748,2011-07-28,1.0,3,28,26783271.012007087,-50990850.30109277
749,2011-07-29,1.0,4,29,43098067.08588244,34624979.5265002
750,2011-08-01,1.0,0,1,26880173.979067724,-16728751.03503229
751,2011-08-02,0.0,1,2,37473642.561859526,6797864.180477908
752,2011-08-03,1.0,2,3,104717904.08600606,-71117516.1274762
753,2011-08-04,0.0,3,4,251874895.7170994,-71389351.5629371
754,2011-08-05,1.0,4,5,378308082.99504614,-47249746.38055454
755,2011-08-08,0.0,0,8,394964538.3858147,39404026.1537213
756,2011-08-09,1.0,1,9,335918629.9724439,29140610.788906194
757,2011-08-10,0.0,2,10,309180634.1699054,6174031.177811076
758,2011-08-11,0.0,3,11,160185160.048646,147112761.37638396
759,2011-08-12,0.0,4,12,31014410.70640697,14640784.57776176
760,2011-08-15,1.0,0,15,16790647.40354653,511871.120730495
761,2011-08-16,0.0,1,16,4739395.506065944,11815858.366489358
762,2011-08-17,1.0,2,17,91466236.79011358,-95823274.82061473
763,2011-08-18,1.0,3,18,207217327.90593603,-17006239.911928937
764,2011-08-19,0.0,4,19,148153948.90752998,79483460.34495838
765,2011-08-22,0.0,0,22,84069122.36119667,-11177256.615668682
766,2011-08-23,0.0,1,23,84231031.7461843,12981476.490900345
767,2011-08-24,1.0,2,24,92348297.38952392,-18328288.72984325
768,2011-08-25,0.0,3,25,56170581.606182694,55594656.82422714
769,2011-08-26,0.0,4,26,26720419.86899267,25391834.87665569
770,2011-08-29,1.0,0,29,39432286.05399119,-36342656.39587059
771,2011-08-30,0.0,1,30,42314682.56194281,-33386594.235769726
772,2011-08-31,1.0,2,31,38909029.5655419,37075482.38823281
773,2011-09-01,1.0,3,1,31009449.971660074,-27333598.04308131
774,2011-09-02,1.0,4,2,66835657.077748425,9408222.370689504
775,2011-09-06,0.0,1,6,21866770.141842894,36485658.49586432
776,2011-09-07,1.0,2,7,30475198.508822687,-43279794.30764956
777,2011-09-08,1.0,3,8,54276665.30480838,-18870031.461637944
778,2011-09-09,0.0,4,9,51452224.97199285,22652041.407636
779,2011-09-12,0.0,0,12,24662555.4984219,5462332.04205189
780,2011-09-13,0.0,1,13,21525831.736826222,-1507442.9958963625
781,2011-09-14,0.0,2,14,8663194.038085168,14694018.403565438
782,2011-09-15,0.0,3,15,-16044009.71603121,10125158.311780732
783,2011-09-16,1.0,4,16,-1802817.8320189577,24730313.518056955
784,2011-09-19,0.0,0,19,-26539191.640898395,106597.72102105328
785,2011-09-20,1.0,1,20,19492739.339776512,-45504494.437320925
786,2011-09-21,1.0,2,21,125095090.04078326,-57968828.20662013
787,2011-09-22,0.0,3,22,124507261.94980174,60360422.01703736
788,2011-09-23,0.0,4,23,68317185.10175718,-818059.1542399459
789,2011-09-26,0.0,0,26,60798193.27354672,9977382.570674952
790,2011-09-27,1.0,1,27,22931866.155382488,28854664.426938713
791,2011-09-28,0.0,2,28,8357573.503512271,-13207420.556755845
792,2011-09-29,1.0,3,29,37224302.27210024,-14915187.866538782
793,2011-09-30,1.0,4,30,73728288.2997604,-19977549.28291365
794,2011-10-03,1.0,0,3,82678375.39614129,12735593.964703565
795,2011-10-04,0.0,1,4,66017616.85133559,-4350964.969265157
796,2011-10-05,0.0,2,5,45139583.72751939,26391073.399504583
797,2011-10-06,1.0,3,6,18324546.67693525,1683900.5980485852
798,2011-10-07,0.0,4,7,-14403520.565850263,30872806.261490885
799,2011-10-10,1.0,0,10,-52799820.727773085,7122683.451691817
800,2011-10-11,0.0,1,11,-21202649.434210397,-38925115.24761753
801,2011-10-12,1.0,2,12,-14569086.165547833,31104081.078433838
802,2011-10-13,0.0,3,13,-52844942.94429857,6775604.229173919
803,2011-10-14,1.0,4,14,-55258004.56998148,-5425118.439158052
804,2011-10-17,0.0,0,17,-6807640.885063469,-43184473.00061587
805,2011-10-18,1.0,1,18,13023785.325419582,22747051.5816733
806,2011-10-19,0.0,2,19,-11689255.450300062,2387166.6368478998
807,2011-10-20,0.0,3,20,55974871.67490976,-68451285.46288747
808,2011-10-21,0.0,4,21,51199565.313063465,72942290.59000166
809,2011-10-24,1.0,0,24,-4449254.434818836,-15440996.054019785
810,2011-10-25,0.0,1,25,5970734.067995018,-4754703.054093706
811,2011-10-26,0.0,2,26,59433484.75054838,-47199826.79891808
812,2011-10-27,0.0,3,27,43823635.819407456,62871155.37459026
813,2011-10-28,1.0,4,28,-1752626.5112544557,-15626192.414538514
814,2011-10-31,1.0,0,31,36993979.214101784,-22442308.922262765
815,2011-11-01,0.0,1,1,13753608.870657548,45611770.1999491
816,2011-11-02,0.0,2,2,-28146028.44741079,-3131268.177038215
817,2011-11-03,1.0,3,3,-48257976.811366364,22108201.570687022
818,2011-11-04,0.0,4,4,-73504606.26048997,2003234.5057172617
819,2011-11-07,0.0,0,7,-59972258.2985425,-16834566.809447907
820,2011-11-08,1.0,1,8,-18788984.038212746,-25090838.287921265
821,2011-11-09,0.0,2,9,-4883696.790433433,10584194.816635683
822,2011-11-10,0.0,3,10,-37322538.34444965,21333937.036572605
823,2011-11-11,1.0,4,11,-69451191.9036408,9741240.1903119
824,2011-11-14,0.0,0,14,-155108914.56837642,72439506.83713931
825,2011-11-15,1.0,1,15,-119862269.23739333,-108722321.6265117
826,2011-11-16,1.0,2,16,-11364396.373345079,-2622520.6368199554
827,2011-11-17,0.0,3,17,-674913.4189979971,-8003520.010529697
828,2011-11-18,1.0,4,18,-16100048.113777934,22973604.11845208
829,2011-11-21,1.0,0,21,-23314310.898606073,15574965.814426918
830,2011-11-22,1.0,1,22,-36294640.23110891,-2965359.7730241674
831,2011-11-23,1.0,2,23,-80098467.797048,44844835.66211233
832,2011-11-25,0.0,4,25,-41190185.60976323,-83516428.26331377
833,2011-11-28,0.0,0,28,6452442.469669216,34098965.64736635
834,2011-11-29,0.0,1,29,65903979.682308614,-90912795.074548
835,2011-11-30,1.0,2,30,54100731.374150485,101944294.57834026
836,2011-12-01,1.0,3,1,-41205230.6131099,-4979088.271273742
837,2011-12-02,0.0,4,2,-34066806.711887725,-2986751.923378559
838,2011-12-05,0.0,0,5,-37133100.43016527,5198866.125506973
839,2011-12-06,0.0,1,6,-26531624.25948664,-16186343.782872578
840,2011-12-07,1.0,2,7,-12642636.793133594,1724547.508078222
841,2011-12-08,0.0,3,8,-26479649.786167983,11641178.540687203
842,2011-12-09,1.0,4,9,-29228465.465754136,8822111.155804088
843,2011-12-12,1.0,0,12,-21862057.76857133,-16367861.856116958
844,2011-12-13,1.0,1,13,-13542235.790722132,7448289.433558967
845,2011-12-14,0.0,2,14,-38396545.84652577,16780399.08375067
846,2011-12-15,1.0,3,15,-56628182.2081121,603837.7957979488
847,2011-12-16,1.0,4,16,-33281244.66114027,24547454.948250033
848,2011-12-19,0.0,0,19,-36370582.92649996,-21607136.318275012
849,2011-12-20,0.0,1,20,-16801543.959723968,1226560.5580716992
850,2011-12-21,0.0,2,21,-26482842.941181585,7970961.952496622
851,2011-12-22,0.0,3,22,-85579086.15328398,49336886.75709518
852,2011-12-23,1.0,4,23,-186836033.47473,48639170.173143595
853,2011-12-27,1.0,1,27,-163705878.23925558,72360464.69390005
854,2011-12-28,0.0,2,28,-163705878.23237443,72360464.69433497
855,2011-12-29,1.0,3,29,-173916682.0388056,-64534846.53760645
856,2011-12-30,0.0,4,30,-72284127.2417578,-40361648.72349017
857,2012-01-03,0.0,1,3,-38585342.370100915,4841104.467288678
858,2012-01-04,1.0,2,4,-34242862.3120394,-9770667.05100453
859,2012-01-05,1.0,3,5,-44511103.15408713,18831810.63743741
860,2012-01-06,0.0,4,6,-69970465.59384322,5498781.6020182595
861,2012-01-09,0.0,0,9,-62572840.94994062,-14173087.896842273
862,2012-01-10,1.0,1,10,-57141646.16413974,7110331.073624329
863,2012-01-11,0.0,2,11,-66253548.288785085,673325.5927766118
864,2012-01-12,1.0,3,12,-43871855.75913894,-23985918.90046422
865,2012-01-13,0.0,4,13,-29830469.788523376,8749033.05898508
866,2012-01-17,0.0,1,17,-34828682.78441625,-4255115.004569842
867,2012-01-18,0.0,2,18,-35385036.42888604,3969243.3669151394
868,2012-01-19,0.0,3,19,36994685.5024742,-75182521.28242338
869,2012-01-20,1.0,4,20,36394375.96773145,74961837.68003458
870,2012-01-23,1.0,0,23,-54582091.66459284,16668112.22933174
871,2012-01-24,0.0,1,24,-64477499.371278115,-7818508.73183403
872,2012-01-25,1.0,2,25,-60775533.348955326,2552780.8468435076
873,2012-01-26,0.0,3,26,-39944781.53595557,-24169733.59967204
874,2012-01-27,1.0,4,27,-40837290.8841901,23587870.266885996
875,2012-01-30,1.0,0,30,-37610558.61471851,-27018435.65303076
876,2012-01-31,0.0,1,31,-28924388.644334953,17083774.621157285
877,2012-02-01,1.0,2,1,-66940840.48040836,19835844.462239236
878,2012-02-02,0.0,3,2,-66893461.44640779,-20910293.455674637
879,2012-02-03,1.0,4,3,-71926546.28652285,23775481.204945825
880,2012-02-06,0.0,0,6,-90414920.86794542,-6802159.400032008
881,2012-02-07,0.0,1,7,-68930119.32806654,-16424290.255598577
882,2012-02-08,0.0,2,8,-40019714.156729154,-13747095.493548216
883,2012-02-09,1.0,3,9,-50830346.051494755,23094059.998155367
884,2012-02-10,0.0,4,10,-82337513.25684237,7082363.861884169
885,2012-02-13,0.0,0,13,-84690488.1165889,-6517783.538333548
886,2012-02-14,1.0,1,14,-73861150.73391962,-6168997.512344488
887,2012-02-15,0.0,2,15,-63685154.553916596,-5602162.71434504
888,2012-02-16,0.0,3,16,-37159624.826394685,-21843384.08896723
889,2012-02-17,0.0,4,17,-21954004.64519502,-6249152.615137342
890,2012-02-21,1.0,1,21,-45039485.95010186,28202126.086469866
891,2012-02-22,0.0,2,22,-76032992.39180385,1745040.889912139
892,2012-02-23,1.0,3,23,-100853791.65850325,20751564.06312682
893,2012-02-24,0.0,4,24,-83796826.41354302,-39234014.50683952
894,2012-02-27,0.0,0,27,-66826820.31360555,19766566.7825888
895,2012-02-28,1.0,1,28,-38435910.70459744,-48477105.09097206
896,2012-02-29,0.0,2,29,-21620477.353079412,30060441.348264605
897,2012-03-01,1.0,3,1,-84263454.70500791,31377401.411702454
898,2012-03-02,1.0,4,2,-105670577.25359942,-11676064.226424487
899,2012-03-05,1.0,0,5,-71258888.59024477,-24656764.595275883
900,2012-03-06,0.0,1,6,-24262378.52986516,-23413205.039396398
901,2012-03-07,0.0,2,7,-52626941.47807904,50028447.77424462
902,2012-03-08,0.0,3,8,-102806677.66759518,-1018340.3047095028
903,2012-03-09,0.0,4,9,-105328883.11880134,1035967.284089853
904,2012-03-12,0.0,0,12,-62391536.71785029,-45356691.423881195
905,2012-03-13,0.0,1,13,-17974959.60824448,-492507.7784179341
906,2012-03-14,0.0,2,14,-19043161.78449409,1219492.2578531792
907,2012-03-15,1.0,3,15,144956460.01133475,-161430766.03225198
908,2012-03-16,0.0,4,16,130432391.38486479,175327964.1150686
909,2012-03-19,1.0,0,19,-52027303.68703664,10350022.469741113
910,2012-03-20,1.0,1,20,-67688991.36702675,4028381.971963374
911,2012-03-21,1.0,2,21,-74440991.89169727,1114537.6346032552
912,2012-03-22,0.0,3,22,-70761057.95997311,-6384461.3844228275
913,2012-03-23,0.0,4,23,-70887156.2546476,4730550.951211965
914,2012-03-26,1.0,0,26,-71212476.90566413,-5916357.8251141645
915,2012-03-27,1.0,1,27,-57408133.47838087,-9320429.245592652
916,2012-03-28,0.0,2,28,-52636556.34067164,3150486.9855965986
917,2012-03-29,0.0,3,29,-31313614.059955552,-25029644.882199697
918,2012-03-30,0.0,4,30,-51597598.360889934,43549678.39182343
919,2012-04-02,1.0,0,2,-84285266.36858533,-11731534.139448674
920,2012-04-03,1.0,1,3,-84026469.67033832,9232044.378354836
921,2012-04-04,1.0,2,4,-85894832.20648983,7315931.939789925
922,2012-04-05,1.0,3,5,-96942527.6218906,1643866.305784615
923,2012-04-09,0.0,0,9,-61245305.37542344,-38680753.010463454
924,2012-04-10,1.0,1,10,-48149085.20405132,23566331.396954436
925,2012-04-11,0.0,2,11,-60643304.58267425,-11850462.383802725
926,2012-04-12,0.0,3,12,-51537176.84951969,-2511608.584331924
927,2012-04-13,1.0,4,13,-63946253.796566665,13410157.690260492
928,2012-04-16,0.0,0,16,-81968401.19599389,3049119.9707952184
929,2012-04-17,1.0,1,17,-87215543.9019846,246194.08865857215
930,2012-04-18,1.0,2,18,-69649284.07573026,-19396377.416683186
931,2012-04-19,0.0,3,19,447804.5561230068,-51027298.37361892
932,2012-04-20,1.0,4,20,-1156675.1838890824,51476958.34152261
933,2012-04-23,0.0,0,23,-54860309.04614305,2287976.7942629852
934,2012-04-24,0.0,1,24,-56970745.258846775,123603.99180763072
935,2012-04-25,0.0,2,25,-77554874.00909851,18676537.467315227
936,2012-04-26,0.0,3,26,-94537691.08940516,-3438580.075007111
937,2012-04-27,1.0,4,27,-80061990.3067654,-12972356.162110442
938,2012-04-30,0.0,0,30,-71380220.4039516,2334118.6530205854
939,2012-05-01,1.0,1,1,-90703295.7692097,14932394.652088908
940,2012-05-02,1.0,2,2,-105556882.2316735,-2191573.0218841336
941,2012-05-03,1.0,3,3,-96258483.91705424,-9414604.84580809
942,2012-05-04,1.0,4,4,-90746624.16072567,1552322.8051784476
943,2012-05-07,1.0,0,7,-72902855.48109853,-21028545.62823486
944,2012-05-08,1.0,1,8,-46649052.85838487,-6766180.911917841
945,2012-05-09,0.0,2,9,-37477667.798488714,-3362154.458154649
946,2012-05-10,1.0,3,10,-36900892.27479951,1927630.9811046335
947,2012-05-11,1.0,4,11,-42899489.57205834,3195554.639909687
948,2012-05-14,1.0,0,14,-37301245.78438714,-9498103.87687716
949,2012-05-15,1.0,1,15,-37573832.55535622,8743263.847654594
950,2012-05-16,1.0,2,16,-43521968.26358376,-3516205.2070271987
951,2012-05-17,1.0,3,17,26272976.838706456,-65566021.75973705
952,2012-05-18,0.0,4,18,20799513.793424863,70069509.72937231
953,2012-05-21,1.0,0,21,-54100148.617288716,5373727.301909921
954,2012-05-22,1.0,1,22,-46732210.51426557,-13626711.851236574
955,2012-05-23,0.0,2,23,-51960249.58489332,17365926.104281284
956,2012-05-24,1.0,3,24,-93885773.52751191,22798323.395539813
957,2012-05-25,0.0,4,25,-107100781.86859646,-11538533.685552133
958,2012-05-29,1.0,1,29,-86002239.29692931,-11845128.914617164
959,2012-05-30,1.0,2,30,-16375275.839036845,-58339477.549011186
960,2012-05-31,1.0,3,31,10873756.739661638,30053204.968420215
961,2012-06-01,1.0,4,1,-44720267.705326006,25320928.466169633
962,2012-06-04,0.0,0,4,-60414660.32348193,-10355463.441819226
963,2012-06-05,0.0,1,5,-48264150.5413366,2105577.9202725794
964,2012-06-06,0.0,2,6,-57286336.41123724,5687107.714833118
965,2012-06-07,0.0,3,7,-70765729.31654592,6316128.296974956
966,2012-06-08,1.0,4,8,-62433964.24390334,14860828.979269313
967,2012-06-11,0.0,0,11,-84754779.55420074,5863830.518443227
968,2012-06-12,1.0,1,12,-81202324.84096369,-11148120.148621475
969,2012-06-13,0.0,2,13,-69087619.78317133,-2820460.146269463
970,2012-06-14,0.0,3,14,44350006.560868874,-109436626.90628451
971,2012-06-15,1.0,4,15,29143609.164237686,122787721.6840702
972,2012-06-18,0.0,0,18,-81687758.16175474,-10786520.219389312
973,2012-06-19,0.0,1,19,-56540252.17624722,-15893167.03687231
974,2012-06-20,1.0,2,20,-41237023.17200587,-198832.14819294398
975,2012-06-21,0.0,3,21,3796442.208755515,-44599365.110379495
976,2012-06-22,1.0,4,22,-6396095.592111259,53666701.12374619
977,2012-06-25,0.0,0,25,-77154533.71462916,16652030.695054622
978,2012-06-26,0.0,1,26,-102586904.37520729,6784441.233937646
979,2012-06-27,1.0,2,27,-90499803.03042649,-20812130.669783417
980,2012-06-28,0.0,3,28,-23925738.41361386,-46731195.377082735
981,2012-06-29,1.0,4,29,-36719256.985926926,57590727.45149434
982,2012-07-02,0.0,0,2,-126743227.33900094,30855564.21271271
983,2012-07-03,1.0,1,3,-134403338.7424915,-25630268.464272417
984,2012-07-05,1.0,3,5,-111446455.1179305,-596978.7578166765
985,2012-07-06,1.0,4,6,-109745366.06355096,-3708247.960353725
986,2012-07-09,1.0,0,9,-96918362.53781444,-11480775.251528049
987,2012-07-10,1.0,1,10,-76938519.8364023,-10556878.471718168
988,2012-07-11,1.0,2,11,-57135039.413443744,-10787882.702585535
989,2012-07-12,0.0,3,12,-62646127.24013105,14614595.738038525
990,2012-07-13,1.0,4,13,-97528069.37333679,18346741.533878665
991,2012-07-16,0.0,0,16,-98081301.35983302,-19634895.271047026
992,2012-07-17,0.0,1,17,-72364257.71841799,-8229170.155140859
993,2012-07-18,0.0,2,18,-7289898.825978823,-57086312.00001665
994,2012-07-19,1.0,3,19,5302233.907237358,-44172361.08822935
995,2012-07-20,1.0,4,20,-3223938.964722826,51663023.953070395
996,2012-07-23,1.0,0,23,-58654871.39536283,3739285.320036485
997,2012-07-24,0.0,1,24,-66018458.06737497,2217907.2764391676
998,2012-07-25,0.0,2,25,-64446962.01494507,-5194548.467223484
999,2012-07-26,0.0,3,26,-40080299.30953088,-20154757.269459385
1000,2012-07-27,1.0,4,27,-70569966.33444214,48529161.55209816
1001,2012-07-30,1.0,0,30,-94763411.23378038,-25342268.12961228
1002,2012-07-31,1.0,1,31,-65983871.6024923,-5567521.665156343
1003,2012-08-01,1.0,2,1,-75563182.77707428,13270654.92625433
1004,2012-08-02,0.0,3,2,-89804821.81467533,-790647.1829788216
1005,2012-08-03,0.0,4,3,-110203231.79298872,18568683.13309994
1006,2012-08-06,0.0,0,6,-121980423.08886054,-9222917.489828506
1007,2012-08-07,0.0,1,7,-121717929.67644286,5842967.721482104
1008,2012-08-08,1.0,2,8,-129330550.7478037,-1162066.2081751148
1009,2012-08-09,0.0,3,9,-128081928.31262402,-3161726.68254953
1010,2012-08-10,1.0,4,10,-140151109.3570566,11805139.014300704
1011,2012-08-13,0.0,0,13,-141392799.88476002,-13647183.170959465
1012,2012-08-14,1.0,1,14,-134834967.67029002,3534761.904414554
1013,2012-08-15,0.0,2,15,-95956338.14172214,-44570940.09148303
1014,2012-08-16,0.0,3,16,-55013688.44462561,-2581915.72151001
1015,2012-08-17,1.0,4,17,-89563140.34620345,34980709.93294178
1016,2012-08-20,1.0,0,20,-104040133.55818506,-22079075.968740717
1017,2012-08-21,1.0,1,21,-87647533.34375185,3097682.319308952
1018,2012-08-22,1.0,2,22,-93457260.41562225,605881.5151289982
1019,2012-08-23,0.0,3,23,-110017463.30929628,13373378.515197149
1020,2012-08-24,0.0,4,24,-118761200.03027208,-7110311.778634793
1021,2012-08-27,1.0,0,27,-123486869.02806143,8727088.655941302
1022,2012-08-28,0.0,1,28,-126479739.33274484,-8523022.279838152
1023,2012-08-29,1.0,2,29,-120678013.9461687,-352803.0359301158
1024,2012-08-30,0.0,3,30,-100424161.51522829,-22266815.938489217
1025,2012-08-31,1.0,4,31,-90975213.80912618,10141469.839387437
1026,2012-09-04,0.0,1,4,-110188143.37705573,6723892.196016283
1027,2012-09-05,0.0,2,5,-92279300.9864133,-26619177.007703457
1028,2012-09-06,0.0,3,6,-57368254.05818567,-10239238.056867583
1029,2012-09-07,1.0,4,7,-61075496.07198108,12314918.027533757
1030,2012-09-10,0.0,0,10,-87445780.6549544,12328705.87289697
1031,2012-09-11,0.0,1,11,-95908033.12581713,-5803651.476407933
1032,2012-09-12,0.0,2,12,-62482522.87379724,-29177948.535112478
1033,2012-09-13,0.0,3,13,-10476522.418511566,-23670634.090140637
1034,2012-09-14,1.0,4,14,-28076596.83430822,40126772.44484583
1035,2012-09-17,0.0,0,17,-73194304.8471705,4312501.255265816
1036,2012-09-18,0.0,1,18,-81519681.48681305,2234472.4503195505
1037,2012-09-19,0.0,2,19,-83451093.52369471,-2181379.3980046823
1038,2012-09-20,0.0,3,20,140904067.5096734,-218571170.43539062
1039,2012-09-21,1.0,4,21,137103959.16029394,220486715.0144901
1040,2012-09-24,1.0,0,24,-65711943.99798918,-13668179.3790669
1041,2012-09-25,1.0,1,25,-63188174.78671859,9374749.883119745
1042,2012-09-26,0.0,2,26,-80574928.56025292,6383296.612285604
1043,2012-09-27,1.0,3,27,-64209126.20545587,-24044514.89283156
1044,2012-09-28,0.0,4,28,-70431899.82007919,28058532.892531533
1045,2012-10-01,1.0,0,1,-109955326.94533335,9569625.226176806
1046,2012-10-02,0.0,1,2,-111277352.86160904,-10636560.644997614
1047,2012-10-03,0.0,2,3,-100300040.64814952,-2959698.2376675396
1048,2012-10-04,0.0,3,4,-92032216.00395614,-7529728.38035717
1049,2012-10-05,1.0,4,5,-117318200.69103163,29850093.422068
1050,2012-10-08,1.0,0,8,-125028160.25671658,-24366374.77083579
1051,2012-10-09,1.0,1,9,-104254724.52012862,533291.2374686681
1052,2012-10-10,1.0,2,10,-116381457.54554486,8852097.98758861
1053,2012-10-11,0.0,3,11,-106271155.85631812,-21244486.531704523
1054,2012-10-12,0.0,4,12,-80401656.48803413,5286161.7606246695
1055,2012-10-15,0.0,0,15,-87572838.88628413,-19964.347723091734
1056,2012-10-16,0.0,1,16,-72733872.66207936,-16486426.654429426
1057,2012-10-17,1.0,2,17,-62417606.22861239,4349471.373914528
1058,2012-10-18,1.0,3,18,11820361.65643961,-78038868.93229526
1059,2012-10-19,0.0,4,19,5170476.421575749,83018474.66439359
1060,2012-10-22,1.0,0,22,-76406862.14664079,-1130758.3796462063
1061,2012-10-23,1.0,1,23,-84438969.86220665,7176066.851710056
1062,2012-10-24,0.0,2,24,-89695756.15545243,-3830072.241217324
1063,2012-10-25,0.0,3,25,-72603858.65187465,-15020958.684516612
1064,2012-10-26,1.0,4,26,-56086143.672710426,-3123144.115678914
1065,2012-10-31,0.0,2,31,-51946194.87848605,-2243528.3141116104
1066,2012-11-01,1.0,3,1,-52346109.728658564,1428673.7656773843
1067,2012-11-02,0.0,4,2,-84628536.07947254,28926010.86669463
1068,2012-11-05,0.0,0,5,-64835950.399927914,-49467864.225603625
1069,2012-11-06,1.0,1,6,-29578079.704243623,-13308905.218264516
1070,2012-11-07,1.0,2,7,-35278496.717415296,17944129.742472116
1071,2012-11-08,0.0,3,8,-58142739.022616275,4063970.4309352324
1072,2012-11-09,1.0,4,9,-112430233.6976393,47668630.94238726
1073,2012-11-12,1.0,0,12,-103654413.49886015,-57694012.72145666
1074,2012-11-13,1.0,1,13,-33610647.86182018,-14479467.839821707
1075,2012-11-14,1.0,2,14,-43310563.12392981,22884859.31425449
1076,2012-11-15,0.0,3,15,-60813838.66058948,-6181166.295677479
1077,2012-11-16,0.0,4,16,-50546371.33137611,4348707.541988846
1078,2012-11-19,1.0,0,19,-57365276.15595737,1294629.0823999906
1079,2012-11-20,0.0,1,20,-85675844.46856815,25058757.95799527
1080,2012-11-21,0.0,2,21,-137319906.59678242,23933349.5630074
1081,2012-11-23,1.0,4,23,-124459724.03706859,-39153053.91881407
1082,2012-11-26,1.0,0,26,-84749792.63334179,-3498945.5215382613
1083,2012-11-27,0.0,1,27,-72899186.77752624,-10109901.63958416
1084,2012-11-28,0.0,2,28,-76197277.3103969,11402815.502514003
1085,2012-11-29,0.0,3,29,-47198199.58666094,-41148306.179222
1086,2012-11-30,1.0,4,30,-48738730.691934295,40594449.853914075
1087,2012-12-03,1.0,0,3,-80478031.6351585,-9703440.5000339
1088,2012-12-04,0.0,1,4,-46096189.494204715,-25923324.282008205
1089,2012-12-05,0.0,2,5,-52780236.523030475,30791678.277547326
1090,2012-12-06,0.0,3,6,-78550947.43050376,-6065522.62732406
1091,2012-12-07,0.0,4,7,-77478006.04327473,3056275.263226313
1092,2012-12-10,0.0,0,10,-77106020.80184405,-5127979.558155861
1093,2012-12-11,1.0,1,11,-70783292.09441967,-2940857.8011787147
1094,2012-12-12,1.0,2,12,-87533275.75911167,17581823.481278297
1095,2012-12-13,0.0,3,13,-94144629.25411528,-12732814.976021666
1096,2012-12-14,0.0,4,14,-64517323.52617931,-18673964.230834786
1097,2012-12-17,0.0,0,17,-39696003.756009884,-7456331.506626042
1098,2012-12-18,1.0,1,18,-35548886.41042401,2383130.7557821423
1099,2012-12-19,0.0,2,19,-59192280.69941184,19990183.485846244
1100,2012-12-20,1.0,3,20,130524556.55728586,-205810549.2957745
1101,2012-12-21,0.0,4,21,73674029.45148765,259513823.65993968
1102,2012-12-24,1.0,0,24,-158837865.0525323,-24347449.566226766
1103,2012-12-26,1.0,2,26,-121850751.94082001,-16137336.148925139
1104,2012-12-27,1.0,3,27,-117517043.29798244,8618549.401697736
1105,2012-12-28,0.0,4,28,-84630057.04579373,-43254142.20566007
1106,2012-12-31,0.0,0,31,-31676248.390141584,-11421331.380854083
1107,2013-01-02,1.0,2,2,-43490493.886659145,22012778.50154306
1108,2013-01-03,0.0,3,3,-81471023.28112543,14631654.888230907
1109,2013-01-04,1.0,4,4,-92898473.03755546,-5009014.446376771
1110,2013-01-07,1.0,0,7,-77260084.83584787,-12533920.706682058
1111,2013-01-08,0.0,1,8,-70429671.0079216,3781653.047647865
1112,2013-01-09,0.0,2,9,-67485609.29459964,-8167614.737954237
1113,2013-01-10,0.0,3,10,-70972688.75325456,9828117.44684481
1114,2013-01-11,0.0,4,11,-77680088.9706015,2949295.652759062
1115,2013-01-14,0.0,0,14,-93070938.07646039,10341319.615117058
1116,2013-01-15,1.0,1,15,-92724974.35020559,-12594685.030446887
1117,2013-01-16,0.0,2,16,-34577487.48962743,-46582726.57564516
1118,2013-01-17,0.0,3,17,66182063.433620155,-53542790.14295614
1119,2013-01-18,0.0,4,18,36455743.30440721,82988912.73671907
1120,2013-01-22,0.0,1,22,-73448976.49382277,27299159.17521605
1121,2013-01-23,0.0,2,23,-86714445.68430899,-15368715.473420836
1122,2013-01-24,0.0,3,24,-80575440.9981737,6984378.749121352
1123,2013-01-25,1.0,4,25,-81577779.47929132,5956423.424636952
1124,2013-01-28,0.0,0,28,-92224760.11566055,2686348.4958293713
1125,2013-01-29,1.0,1,29,-89530506.20326154,-7399160.7048729295
1126,2013-01-30,1.0,2,30,-65082607.1450107,-18709383.115102485
1127,2013-01-31,0.0,3,31,-57502596.66398029,9375770.277071973
1128,2013-02-01,1.0,4,1,-65970128.7951299,-2172965.567130545
1129,2013-02-04,0.0,0,4,-61731462.77282625,-3512596.2388031846
1130,2013-02-05,0.0,1,5,-63849974.826465875,4098034.9227154846
1131,2013-02-06,1.0,2,6,-75083422.17222227,5512057.774404591
1132,2013-02-07,0.0,3,7,-94754720.27084513,12080910.839294387
1133,2013-02-08,1.0,4,8,-125523412.68492927,16006387.395007802
1134,2013-02-11,0.0,0,11,-112680834.86819547,-31112496.23900266
1135,2013-02-12,0.0,1,12,-73745506.40651946,-10290299.056226386
1136,2013-02-13,1.0,2,13,-75687533.05583091,10235356.414243134
1137,2013-02-14,0.0,3,14,-71189981.84500042,-16106293.744898545
1138,2013-02-15,0.0,4,15,-55763456.005805165,-285510.91475504014
1139,2013-02-19,1.0,1,19,-54578385.45659814,-2121163.6083260854
1140,2013-02-20,1.0,2,20,-58196247.127045356,4381518.676735123
1141,2013-02-21,0.0,3,21,-57131109.81702776,-6615571.052606768
1142,2013-02-22,1.0,4,22,-42403808.17494488,-9187688.069632776
1143,2013-02-25,0.0,0,25,-47829093.68710729,13337719.29739592
1144,2013-02-26,0.0,1,26,-79826805.02083528,17148686.111788347
1145,2013-02-27,1.0,2,27,-47459727.9823631,-50125505.242676824
1146,2013-02-28,0.0,3,28,-35172153.902080506,35857911.89484871
1147,2013-03-01,0.0,4,1,-80832051.68942747,8826836.607043646
1148,2013-03-04,0.0,0,4,-82953791.12861593,6650871.701183231
1149,2013-03-05,0.0,1,5,-87322765.72942613,-4146641.390829738
1150,2013-03-06,0.0,2,6,-83835911.15873365,-1387140.502479221
1151,2013-03-07,0.0,3,7,-84476136.1777553,33250.96785469714
1152,2013-03-08,0.0,4,8,-100344834.1056835,13481277.810157256
1153,2013-03-11,0.0,0,11,-109661704.93430087,-6415626.921244386
1154,2013-03-12,0.0,1,12,-117637573.76552616,11445680.879631259
1155,2013-03-13,0.0,2,13,-106365998.02858551,-24937074.38020524
1156,2013-03-14,1.0,3,14,124904220.86186218,-203696328.95250005
1157,2013-03-15,1.0,4,15,121334153.13871554,205359530.2107412
1158,2013-03-18,0.0,0,18,-78006470.73141654,-2699628.2504836693
1159,2013-03-19,0.0,1,19,-76906056.84632392,-238959.78786898256
1160,2013-03-20,0.0,2,20,-85280650.54897897,6628003.1721992185
1161,2013-03-21,1.0,3,21,-99257211.27649747,5185834.689146971
1162,2013-03-22,1.0,4,22,-88793800.90387331,-17587156.842242174
1163,2013-03-25,0.0,0,25,-93091694.77034761,19272527.2084363
1164,2013-03-26,0.0,1,26,-115603308.36882427,984119.6061413412
1165,2013-03-27,0.0,2,27,-74246296.51895046,-44021224.1765776
1166,2013-03-28,1.0,3,28,-76251646.61000879,43174965.94077325
1167,2013-04-01,0.0,0,1,-114725970.76254503,-6338091.721119434
1168,2013-04-02,1.0,1,2,-89262398.45214228,-21362248.41144006
1169,2013-04-03,0.0,2,3,-85214086.06603539,14803648.049667899
1170,2013-04-04,1.0,3,4,-81872670.80750883,-19670821.403331466
1171,2013-04-05,0.0,4,5,-80991587.83427882,16426826.619729966
1172,2013-04-08,0.0,0,8,-82464850.30351564,-16453629.546436697
1173,2013-04-09,0.0,1,9,-72946546.7677414,4853071.21962688
1174,2013-04-10,0.0,2,10,-61354353.4998169,-17707672.45070437
1175,2013-04-11,1.0,3,11,-62463630.234715655,16964679.72085066
1176,2013-04-12,1.0,4,12,-49767302.755890615,-30332839.964923564
1177,2013-04-15,0.0,0,15,-45685827.56377454,24502579.795997042
1178,2013-04-16,0.0,1,16,-47653905.93517368,-22965821.983076748
1179,2013-04-17,1.0,2,17,-34017103.60345152,-8980502.771649312
1180,2013-04-18,0.0,3,18,9687743.890495704,-34561105.174702026
1181,2013-04-19,0.0,4,19,820559.3621525848,42733083.73040272
1182,2013-04-22,0.0,0,22,-48135474.42227461,6233936.437411222
1183,2013-04-23,1.0,1,23,-54315392.94999086,-1106602.172315921
1184,2013-04-24,0.0,2,24,-59855183.04204072,5272827.716938513
1185,2013-04-25,0.0,3,25,-66227453.21198859,-273943.67149832833
1186,2013-04-26,0.0,4,26,-89512857.29160647,21467458.222276196
1187,2013-04-29,0.0,0,29,-75097694.46400371,-37073481.98541021
1188,2013-04-30,1.0,1,30,-64870516.40947639,24451454.655985076
1189,2013-05-01,0.0,2,1,-105095298.55142553,13909282.239805719
1190,2013-05-02,0.0,3,2,-99507649.46312504,-21484444.289583627
1191,2013-05-03,1.0,4,3,-82134927.59621875,1675122.5045443263
1192,2013-05-06,0.0,0,6,-83972860.77531764,-1742449.9727333346
1193,2013-05-07,0.0,1,7,-85889276.56400813,1620681.0886758326
1194,2013-05-08,1.0,2,8,-99727071.82084487,9917898.835433606
1195,2013-05-09,0.0,3,9,-109850017.08800383,-2139666.383094529
1196,2013-05-10,1.0,4,10,-112398272.076726,1979228.6759375783
1197,2013-05-13,0.0,0,13,-93978381.84304042,-22546140.70859014
1198,2013-05-14,0.0,1,14,-73219022.98457494,-454089.674988847
1199,2013-05-15,1.0,2,15,-58531614.026247926,-15557639.514039384
1200,2013-05-16,0.0,3,16,-64355913.43622558,19536092.638135903
1201,2013-05-17,1.0,4,17,-79593309.27350779,3909273.425126652
1202,2013-05-20,0.0,0,20,-79681670.29310201,-5563560.281092494
1203,2013-05-21,1.0,1,21,-40112231.78964895,-34998512.88269724
1204,2013-05-22,1.0,2,22,-22483650.536492474,16083079.912755188
1205,2013-05-23,0.0,3,23,-69462726.15231514,29711379.556999803
1206,2013-05-24,0.0,4,24,-81673402.05892175,-18649992.35920816
1207,2013-05-28,1.0,1,28,-71029412.93220676,5916789.991872717
1208,2013-05-29,0.0,2,29,-69456683.24659666,7529714.056354798
1209,2013-05-30,1.0,3,30,-14906198.372299116,-62118407.40499417
1210,2013-05-31,0.0,4,31,2738919.296683655,43139156.323921
1211,2013-06-03,1.0,0,3,-49551066.99438021,9136658.9164263
1212,2013-06-04,1.0,1,4,-54726534.37730705,-4951685.107561881
1213,2013-06-05,1.0,2,5,-53425305.99279765,-3617201.131031377
1214,2013-06-06,0.0,3,6,-52616394.85085625,1552552.8388230468
1215,2013-06-07,1.0,4,7,-80342030.39334631,24355248.59514304
1216,2013-06-10,1.0,0,10,-97240393.28241365,7025012.86038066
1217,2013-06-11,1.0,1,11,-102335678.25087401,-4159273.2003090754
1218,2013-06-12,0.0,2,12,-100347903.44532043,-287225.764006109
1219,2013-06-13,1.0,3,13,-99136552.67439781,-3256169.90347996
1220,2013-06-14,0.0,4,14,-74301836.53181869,-23365691.86220151
1221,2013-06-17,0.0,0,17,-80754860.15112467,27369626.074909218
1222,2013-06-18,1.0,1,18,-99994588.33020355,-9794111.08133846
1223,2013-06-19,1.0,2,19,-47645094.010168284,-43841164.43435019
1224,2013-06-20,0.0,3,20,172282500.54193637,-172740032.19906342
1225,2013-06-21,1.0,4,21,157872497.0789039,186925148.76827303
1226,2013-06-24,0.0,0,24,-40899550.55500816,15631500.24600703
1227,2013-06-25,0.0,1,25,-58708315.42469559,1249397.0089890494
1228,2013-06-26,0.0,2,26,-74618969.6893315,12978488.23085566
1229,2013-06-27,1.0,3,27,-4985050.737850801,-82267594.23628867
1230,2013-06-28,1.0,4,28,-2106461.669720868,77432002.27158324
1231,2013-07-01,1.0,0,1,-81338012.3778934,1847824.935339548
1232,2013-07-02,0.0,1,2,-123917784.38859881,37835554.976753324
1233,2013-07-03,0.0,2,3,-138712755.68337655,-25408848.127210446
1234,2013-07-05,0.0,4,5,-85026573.19739793,-30883791.571385313
1235,2013-07-08,0.0,0,8,-75248640.58405297,18606633.092010807
1236,2013-07-09,1.0,1,9,-97503506.38089772,1827722.2811785685
1237,2013-07-10,0.0,2,10,-86201778.1556412,-15086453.39969059
1238,2013-07-11,0.0,3,11,-68593110.06259377,-4461910.712988027
1239,2013-07-12,0.0,4,12,-86957305.51254569,20693536.51606747
1240,2013-07-15,1.0,0,15,-103714406.11174032,-5859717.12933179
1241,2013-07-16,0.0,1,16,-84635895.7586206,-15328346.510152448
1242,2013-07-17,0.0,2,17,-63303617.32958217,-7817840.770521768
1243,2013-07-18,1.0,3,18,10276817.90488654,-65555701.34901581
1244,2013-07-19,0.0,4,19,40585807.27191742,34770072.31808086
1245,2013-07-22,0.0,0,22,-52028952.43919165,57560207.77113652
1246,2013-07-23,1.0,1,23,-108985251.59737413,-1739815.6858157094
1247,2013-07-24,0.0,2,24,-105731483.33205262,-4046543.2533669956
1248,2013-07-25,0.0,3,25,-108980695.2134414,4624709.374338337
1249,2013-07-26,1.0,4,26,-98599944.13230836,-17201726.589991048
1250,2013-07-29,1.0,0,29,-80720286.99468371,1134882.4172114965
1251,2013-07-30,1.0,1,30,-63034013.59133177,-20218079.22910934
1252,2013-07-31,0.0,2,31,-68186896.66705805,23313508.107002854
1253,2013-08-01,0.0,3,1,-96418171.34742263,3241599.1541996016
1254,2013-08-02,1.0,4,2,-120786618.28513664,18343218.056042872
1255,2013-08-05,1.0,0,5,-132537490.18863554,-9292474.612520134
1256,2013-08-06,1.0,1,6,-122607774.66482475,-3778605.7698802794
1257,2013-08-07,0.0,2,7,-106310679.51648748,12934995.575936884
1258,2013-08-08,1.0,3,8,-127355553.91132478,5404111.266511488
1259,2013-08-09,1.0,4,9,-136438034.91679603,558593.8939186885
1260,2013-08-12,0.0,0,12,-133797710.00608994,-6373648.482658881
1261,2013-08-13,1.0,1,13,-124631636.31013429,-5911487.388195399
1262,2013-08-14,1.0,2,14,-93562409.08548388,-27491033.6963743
1263,2013-08-15,1.0,3,15,-50847381.78206264,-17030587.174175262
1264,2013-08-16,1.0,4,16,-63205152.97544187,27534483.126174755
1265,2013-08-19,1.0,0,19,-97775260.00857025,5430825.105726757
1266,2013-08-20,1.0,1,20,-107145712.58548139,1550487.7033300633
1267,2013-08-21,0.0,2,21,-70452397.73764075,-39815236.56825573
1268,2013-08-22,0.0,3,22,-47437025.04949652,14771135.532838652
1269,2013-08-23,1.0,4,23,-83329379.2101394,19558348.872897647
1270,2013-08-26,1.0,0,26,-92297866.56210715,-12256929.445119169
1271,2013-08-27,1.0,1,27,-91290845.27235773,8815092.483660493
1272,2013-08-28,0.0,2,28,-109255550.53446066,6792232.047136738
1273,2013-08-29,1.0,3,29,-86691465.51479782,-31201806.51961863
1274,2013-08-30,0.0,4,30,-66704112.16873516,8920233.629208935
1275,2013-09-03,0.0,1,3,-68020512.39621417,7570190.054301294
1276,2013-09-04,0.0,2,4,-91404124.50091963,13869879.107737781
1277,2013-09-05,1.0,3,5,-100864390.92336985,-6431917.836556174
1278,2013-09-06,0.0,4,6,-108406728.6749302,11258069.194722977
1279,2013-09-09,0.0,0,9,-111820242.42799751,-10204969.357668813
1280,2013-09-10,0.0,1,10,-103860427.86817923,-451762.0946402081
1281,2013-09-11,1.0,2,11,-106303565.32077804,380151.0195499597
1282,2013-09-12,0.0,3,12,-114280874.79088145,4904345.2674164595
1283,2013-09-13,0.0,4,13,-109841104.8764774,-11813544.643461607
1284,2013-09-16,0.0,0,16,-100376007.07421695,-301723.6190118378
1285,2013-09-17,0.0,1,17,-71950933.45058207,-29778285.29846456
1286,2013-09-18,1.0,2,18,-64232748.068286054,19862941.66153421
1287,2013-09-19,1.0,3,19,103996176.32201628,-184859657.8941129
1288,2013-09-20,0.0,4,20,84003936.13764063,202484168.87025994
1289,2013-09-23,1.0,0,23,-121569026.04780748,5250829.50242056
1290,2013-09-24,0.0,1,24,-130728813.69840908,927637.3948985515
1291,2013-09-25,1.0,2,25,-104246301.235254,-29839256.06402425
1292,2013-09-26,1.0,3,26,-68185886.41347344,7142757.748297368
1293,2013-09-27,1.0,4,27,-66865940.75317223,8496437.365082383
1294,2013-09-30,0.0,0,30,-104559734.00590836,26949054.88074619
1295,2013-10-01,1.0,1,1,-129795177.45337918,-4130941.791013402
1296,2013-10-02,1.0,2,2,-123530755.70504922,-5169219.279819377
1297,2013-10-03,0.0,3,3,-131492240.95096418,9870689.38068083
1298,2013-10-04,1.0,4,4,-139565746.14270163,-4883595.21110059
1299,2013-10-07,1.0,0,7,-119892736.81130856,-17753249.579552483
1300,2013-10-08,0.0,1,8,-103428905.11665232,-1584849.9692287142
1301,2013-10-09,0.0,2,9,-100681335.6112394,-3565597.7635005256
1302,2013-10-10,0.0,3,10,-116327808.0908457,16369918.257378181
1303,2013-10-11,0.0,4,11,-112239055.66511707,20563167.284214884
1304,2013-10-14,1.0,0,14,-126690784.11990902,-8610544.673451088
1305,2013-10-15,0.0,1,15,-118686007.32743974,-2420871.9469730137
1306,2013-10-16,1.0,2,16,-106503849.35603492,-12330096.275961952
1307,2013-10-17,0.0,3,17,-61096754.175366975,-34761195.33201974
1308,2013-10-18,1.0,4,18,-72574069.09490623,43709309.586867034
1309,2013-10-21,0.0,0,21,-106983683.02975519,-10730890.332532097
1310,2013-10-22,1.0,1,22,-109391626.47337861,10290972.296146099
1311,2013-10-23,0.0,2,23,-107044176.76688011,-14903915.6749929
1312,2013-10-24,0.0,3,24,-87536663.94522046,5102152.261616383
1313,2013-10-25,1.0,4,25,-105862975.56194581,10858795.045145545
1314,2013-10-28,0.0,0,28,-122239298.87530458,2887519.4606449483
1315,2013-10-29,1.0,1,29,-131859444.98249935,3664236.1850891523
1316,2013-10-30,1.0,2,30,-112073457.97310649,-26006187.095854007
1317,2013-10-31,0.0,3,31,-96471876.22333884,7498043.184762591
1318,2013-11-01,0.0,4,1,-126933227.27765767,20132574.872393783
1319,2013-11-04,1.0,0,4,-133503479.6885211,-16241932.453602718
1320,2013-11-05,0.0,1,5,-106665713.80722728,-13513100.886936264
1321,2013-11-06,1.0,2,6,-98404381.65198222,2608378.287938667
1322,2013-11-07,0.0,3,7,-104036877.19114488,642114.3357353577
1323,2013-11-08,0.0,4,8,-136208138.1025721,28296429.919347506
1324,2013-11-11,1.0,0,11,-151161117.87166324,-16259647.06087436
1325,2013-11-12,0.0,1,12,-127475612.42804061,-10862154.00855792
1326,2013-11-13,0.0,2,13,-95778618.00048707,-23346734.21873792
1327,2013-11-14,0.0,3,14,-71988846.58200021,-2673203.4409497515
1328,2013-11-15,0.0,4,15,-92798411.9557281,21249212.58982419
1329,2013-11-18,1.0,0,18,-122226649.4132836,5808262.5130951395
1330,2013-11-19,1.0,1,19,-129567914.97014701,-1405496.558896936
1331,2013-11-20,0.0,2,20,-133551951.3855121,2171982.134018991
1332,2013-11-21,0.0,3,21,-135855000.66918582,-3054724.668994881
1333,2013-11-22,0.0,4,22,-125122472.43604295,-10726389.253367122
1334,2013-11-25,0.0,0,25,-106417685.83640264,-10752035.49569801
1335,2013-11-26,0.0,1,26,-126926104.46615312,27975103.114422828
1336,2013-11-27,1.0,2,27,-153574802.5236916,-4310758.975464078
1337,2013-11-29,1.0,4,29,-134405539.76976576,-18169725.9290425
1338,2013-12-02,1.0,0,2,-109964512.89112853,-9318816.10953613
1339,2013-12-03,1.0,1,3,-96856574.38799784,-6289418.778566639
1340,2013-12-04,1.0,2,4,-101031526.23925385,7935526.810131418
1341,2013-12-05,0.0,3,5,-107485798.64120498,1316302.0339740315
1342,2013-12-06,0.0,4,6,-114669375.12879744,3188108.8222814053
1343,2013-12-09,1.0,0,9,-128043197.80043012,7219915.75183029
1344,2013-12-10,1.0,1,10,-116824810.10313371,-21024063.7379467
1345,2013-12-11,1.0,2,11,-98382481.5323825,-248284.16845132774
1346,2013-12-12,0.0,3,12,-115535444.89405225,14661509.502001552
1347,2013-12-13,0.0,4,13,-118280881.4341093,-14352672.860491212
1348,2013-12-16,1.0,0,16,-105497774.77915071,-1271515.2726626906
1349,2013-12-17,0.0,1,17,-85343531.69140694,-20895576.652181674
1350,2013-12-18,0.0,2,18,-90506406.38371871,23427907.247065686
1351,2013-12-19,0.0,3,19,21495344.17381442,-134164546.75266251
1352,2013-12-20,0.0,4,20,6610244.81686998,146016583.08498636
1353,2013-12-23,0.0,0,23,-169812283.70717734,29958567.031235814
1354,2013-12-24,0.0,1,24,-189602715.01170623,-14000883.925673336
1355,2013-12-26,1.0,3,26,-180167413.60103565,-127514.21972169097
1356,2013-12-27,0.0,4,27,-177208291.4942439,-7105235.647990635
1357,2013-12-30,0.0,0,30,-154758424.2607496,-19232690.47621548
1358,2013-12-31,1.0,1,31,-136051190.63993302,-3198632.6736852257
1359,2014-01-02,0.0,3,2,-140379113.12186062,4094184.8157313312
1360,2014-01-03,1.0,4,3,-134204505.21413946,-13365552.214614747
1361,2014-01-06,0.0,0,6,-128415104.9219139,4188565.3712976314
1362,2014-01-07,1.0,1,7,-118332719.57269967,-16969830.25592095
1363,2014-01-08,1.0,2,8,-116777625.77593136,12227338.841046665
1364,2014-01-09,1.0,3,9,-129371413.94909209,-2407188.796535807
1365,2014-01-10,1.0,4,10,-109567571.521532,-20041471.45076852
1366,2014-01-13,0.0,0,13,-100431871.50698799,8049167.297536989
1367,2014-01-14,0.0,1,14,-107752174.74773201,-3067867.396431912
1368,2014-01-15,1.0,2,15,-115844657.51878422,8342641.911539573
1369,2014-01-16,0.0,3,16,-55572092.383697174,-69646559.190271
1370,2014-01-17,1.0,4,17,-39986974.111788236,51474966.92205151
1371,2014-01-21,1.0,1,21,-108484589.1354995,15747572.25181824
1372,2014-01-22,1.0,2,22,-115951759.80697209,-10631894.422383266
1373,2014-01-23,1.0,3,23,-77536810.9061654,-29834620.78786615
1374,2014-01-24,1.0,4,24,-58935500.65851743,9166756.847582052
1375,2014-01-27,0.0,0,27,-96161268.74454509,26036706.106564082
1376,2014-01-28,1.0,1,28,-108327284.72258095,-15775772.354444768
1377,2014-01-29,0.0,2,29,-106551936.94619238,11097609.276927607
1378,2014-01-30,1.0,3,30,-86550659.32026036,-32833576.604554564
1379,2014-01-31,1.0,4,31,-45146853.13260085,-10367902.088112557
1380,2014-02-03,0.0,0,3,-54689240.6287447,18434667.945064135
1381,2014-02-04,1.0,1,4,-87085987.96057634,12396890.156069893
1382,2014-02-05,0.0,2,5,-99011937.07642195,-2483789.852065961
1383,2014-02-06,0.0,3,6,-98579563.53934488,-321487.1181780075
1384,2014-02-07,0.0,4,7,-114932422.97013372,13947811.692149188
1385,2014-02-10,0.0,0,10,-121598103.61368652,-9819182.260976328
1386,2014-02-11,1.0,1,11,-126677604.58131516,11642771.750340834
1387,2014-02-12,0.0,2,12,-123810844.3481659,-17159167.17324809
1388,2014-02-13,0.0,3,13,-119373418.25743476,9464937.499808123
1389,2014-02-14,1.0,4,14,-124983757.09582184,-6587735.118153466
1390,2014-02-18,1.0,1,18,-127617942.68883793,6023104.119173739
1391,2014-02-19,0.0,2,19,-137114305.5489421,352055.51734707813
1392,2014-02-20,1.0,3,20,-104114621.79998432,-35791907.62078101
1393,2014-02-21,0.0,4,21,-89414007.46299651,18116752.515006103
1394,2014-02-24,1.0,0,24,-108137266.5738425,-1085018.466041297
1395,2014-02-25,0.0,1,25,-112270980.2160638,2539493.5725027877
1396,2014-02-26,0.0,2,26,-113483254.79582924,-3946344.101889972
1397,2014-02-27,0.0,3,27,-93408276.56921937,-18409115.22781259
1398,2014-02-28,1.0,4,28,-97338815.30981365,19600808.018923152
1399,2014-03-03,0.0,0,3,-115423249.49791206,-3758672.697515161
1400,2014-03-04,1.0,1,4,-128929145.37607679,14103577.343806405
1401,2014-03-05,0.0,2,5,-143011065.47753856,-3088441.913753545
1402,2014-03-06,0.0,3,6,-138241153.11811993,-5057816.442876778
1403,2014-03-07,0.0,4,7,-143832438.46185896,7084342.681549454
1404,2014-03-10,1.0,0,10,-145428336.22628248,-8790389.13690469
1405,2014-03-11,1.0,1,11,-138667922.60756734,-1499099.2861149479
1406,2014-03-12,1.0,2,12,-132928529.722512,-7444641.256216043
1407,2014-03-13,1.0,3,13,-127519966.43365212,-1181651.3006749582
1408,2014-03-14,0.0,4,14,-125527804.07356973,-3822520.3189816065
1409,2014-03-17,0.0,0,17,-130254282.605426,5353393.843940262
1410,2014-03-18,1.0,1,18,-129234761.49553268,-9314447.739109345
1411,2014-03-19,0.0,2,19,-120559602.0294995,-2451583.3069067737
1412,2014-03-20,1.0,3,20,68116531.33290558,-184442551.9326453
1413,2014-03-21,1.0,4,21,77107287.32855792,172922595.2279445
1414,2014-03-24,0.0,0,24,-107973618.69265091,13922466.990599206
1415,2014-03-25,1.0,1,25,-120369926.70648734,-4033235.376930387
1416,2014-03-26,1.0,2,26,-117184718.01160048,-2027133.2950466808
1417,2014-03-27,0.0,3,27,-121782637.20107807,3685303.9308419395
1418,2014-03-28,0.0,4,28,-113877295.00391717,-14191036.987984758
1419,2014-03-31,0.0,0,31,-113026758.24059281,10315823.014222868
1420,2014-04-01,0.0,1,1,-131626852.71430117,5406792.006366227
1421,2014-04-02,1.0,2,2,-139175727.17714152,-1045850.4232606754
1422,2014-04-03,1.0,3,3,-120379734.73953068,-20630476.227133937
1423,2014-04-04,1.0,4,4,-105620757.38103391,2870908.566741043
1424,2014-04-07,0.0,0,7,-109986620.78857192,-1606533.5814122772
1425,2014-04-08,0.0,1,8,-114680995.40570831,3548615.366751103
1426,2014-04-09,1.0,2,9,-104504573.0832026,-16095264.811409473
1427,2014-04-10,1.0,3,10,-84832054.04807867,-5946767.651877667
1428,2014-04-11,0.0,4,11,-101087788.75184636,19680795.41105981
1429,2014-04-14,0.0,0,14,-116097493.29162496,-6928198.733547785
1430,2014-04-15,0.0,1,15,-112922248.9316679,911872.8979973203
1431,2014-04-16,1.0,2,16,-85414803.74265859,-30379532.595990993
1432,2014-04-17,0.0,3,17,-97002936.10809086,38938884.06419135
1433,2014-04-21,0.0,0,21,-132763764.84609133,-5370574.591325171
1434,2014-04-22,1.0,1,22,-132257447.38898417,1580155.0554781836
1435,2014-04-23,1.0,2,23,-124187843.11850117,9855994.867046667
1436,2014-04-24,1.0,3,24,-128024700.97656319,-8818309.148065586
1437,2014-04-25,0.0,4,25,-110187292.07256864,-11839127.490772711
1438,2014-04-28,0.0,0,28,-124335472.18421596,22739425.101328306
1439,2014-04-29,0.0,1,29,-132702305.27358717,-16967273.377022013
1440,2014-04-30,1.0,2,30,-129946899.9878035,10696353.312941415
1441,2014-05-01,1.0,3,1,-139704077.48504484,-4008458.3880053433
1442,2014-05-02,0.0,4,2,-143564408.81951723,4336860.177593281
1443,2014-05-05,1.0,0,5,-146683134.85412815,-4619815.985103531
1444,2014-05-06,0.0,1,6,-129893729.6241062,-15376077.967687894
1445,2014-05-07,0.0,2,7,-129325743.21133561,11347709.028662514
1446,2014-05-08,0.0,3,8,-142524827.08137804,-1271969.451487386
1447,2014-05-09,0.0,4,9,-145427412.43033147,664392.6761768532
1448,2014-05-12,0.0,0,12,-147972350.4052414,-1644782.659752916
1449,2014-05-13,1.0,1,13,-147667895.4951349,-2234958.2312839646
1450,2014-05-14,1.0,2,14,-122426818.47325693,-25967099.52378584
1451,2014-05-15,0.0,3,15,-89136456.61276916,-10046050.357088216
1452,2014-05-16,0.0,4,16,-106854594.43096586,24996616.377681162
1453,2014-05-19,1.0,0,19,-137823382.8640991,3306122.1031310097
1454,2014-05-20,0.0,1,20,-141599997.64024353,-2830202.592001606
1455,2014-05-21,0.0,2,21,-153012136.34003088,10504334.904551473
1456,2014-05-22,0.0,3,22,-163719058.13987496,-3469938.7983561596
1457,2014-05-23,0.0,4,23,-161443760.04052112,-2769425.7468043393
1458,2014-05-27,1.0,1,27,-141159762.40218687,18032971.694143724
1459,2014-05-28,0.0,2,28,-165645374.11569718,2919725.2604813897
1460,2014-05-29,0.0,3,29,-134941689.78775224,-36767807.639345236
1461,2014-05-30,0.0,4,30,-134353364.81643167,32060724.77031754
1462,2014-06-02,1.0,0,2,-161870337.11055872,-7633018.248166038
1463,2014-06-03,0.0,1,3,-138947410.23020986,15875751.761124099
1464,2014-06-04,0.0,2,4,-152777219.37657738,-5311938.804842446
1465,2014-06-05,0.0,3,5,-142153532.68609115,-8841001.125101347
1466,2014-06-06,0.0,4,6,-144717388.5092597,7723767.009032586
1467,2014-06-09,0.0,0,9,-155912369.7989937,-76059.51746644369
1468,2014-06-10,1.0,1,10,-159639685.68957436,-31157.01933391053
1469,2014-06-11,0.0,2,11,-153863739.25016773,-9434265.16197953
1470,2014-06-12,1.0,3,12,-130169838.40056923,-17592982.10754238
1471,2014-06-13,0.0,4,13,-126750853.30799219,10722535.562664418
1472,2014-06-16,0.0,0,16,-149130966.57697344,8354027.698253544
1473,2014-06-17,0.0,1,17,-147213520.80841932,-13586264.043709952
1474,2014-06-18,0.0,2,18,-124273759.73516887,9939770.396687273
1475,2014-06-19,0.0,3,19,-15901410.763195982,-118315069.70266642
1476,2014-06-20,1.0,4,20,-30754178.214027,129598617.49318463
1477,2014-06-23,1.0,0,23,-147136726.58236036,-13507507.170750398
1478,2014-06-24,0.0,1,24,-140072361.61239862,2761517.0032641403
1479,2014-06-25,1.0,2,25,-151823605.11522415,5420685.282766495
1480,2014-06-26,0.0,3,26,-105982858.66743247,-53621845.68425354
1481,2014-06-27,1.0,4,27,-88180290.65736073,32431155.84178056
1482,2014-06-30,0.0,0,30,-132900252.90840602,9930711.987172626
1483,2014-07-01,0.0,1,1,-155892643.16560432,9569893.564640587
1484,2014-07-02,0.0,2,2,-160794215.84780487,-8291245.403776657
1485,2014-07-03,1.0,3,3,-158347944.9792314,1837908.499428921
1486,2014-07-07,1.0,0,7,-152203064.8988123,-11584302.524157858
1487,2014-07-08,0.0,1,8,-148410671.60693973,3950418.366793929
1488,2014-07-09,1.0,2,9,-153807234.93861163,-2142701.0460918206
1489,2014-07-10,0.0,3,10,-158195939.4344395,2681350.4464201042
1490,2014-07-11,0.0,4,11,-163048629.7870157,-1679428.8777277917
1491,2014-07-14,0.0,0,14,-133879435.27898866,-30722303.915402453
1492,2014-07-15,0.0,1,15,-98149385.72154205,-8073638.242934787
1493,2014-07-16,1.0,2,16,-90591210.49293792,-1797669.228941372
1494,2014-07-17,0.0,3,17,-92727710.33081506,-3988771.7749791946
1495,2014-07-18,1.0,4,18,-122047899.91337743,30313717.9939158
1496,2014-07-21,0.0,0,21,-145997211.1199542,-9101646.927576156
1497,2014-07-22,1.0,1,22,-141993800.49354354,1478523.3594811899
1498,2014-07-23,1.0,2,23,-150196945.1345327,3164144.2908533
1499,2014-07-24,1.0,3,24,-154474383.1778812,-2511771.8251132756
1500,2014-07-25,0.0,4,25,-154633635.4225149,-1099455.0328795905
1501,2014-07-28,1.0,0,28,-148392216.03670365,-8721710.8699411
1502,2014-07-29,1.0,1,29,-140290259.2464863,-2948038.2008134313
1503,2014-07-30,1.0,2,30,-133964012.23227401,-6644468.739379771
1504,2014-07-31,1.0,3,31,-120951651.59782687,6700449.85137938
1505,2014-08-01,0.0,4,1,-134892758.06341472,4191694.380801238
1506,2014-08-04,1.0,0,4,-130674410.70014916,8517850.396505624
1507,2014-08-05,1.0,1,5,-139227899.23935562,-3076066.6860058126
1508,2014-08-06,1.0,2,6,-136542356.27538285,-2943179.528825477
1509,2014-08-07,0.0,3,7,-133839995.97983731,-3022229.1012539337
1510,2014-08-08,0.0,4,8,-146519559.94149414,12120797.601352755
1511,2014-08-11,1.0,0,11,-140952130.63868672,17830514.160371456
1512,2014-08-12,0.0,1,12,-157910895.56947637,-4216964.564241073
1513,2014-08-13,0.0,2,13,-158255271.19609573,658115.4790218131
1514,2014-08-14,1.0,3,14,-127288814.02435468,-34634619.310815915
1515,2014-08-15,0.0,4,15,-118601583.11281006,22274327.428079262
1516,2014-08-18,0.0,0,18,-148045860.07585138,4181313.4880101634
1517,2014-08-19,0.0,1,19,-157711064.24964535,1803514.437861651
1518,2014-08-20,0.0,2,20,-159092115.99364138,-4196510.2369118575
1519,2014-08-21,1.0,3,21,-157452358.24025765,-1325953.7596773766
1520,2014-08-22,0.0,4,22,-162993488.70421952,2917826.7662014756
1521,2014-08-25,0.0,0,25,-172621375.4995531,2626629.5983808227
1522,2014-08-26,0.0,1,26,-169430493.4429549,-9828681.384210546
1523,2014-08-27,1.0,2,27,-168803032.94527027,4895298.828970358
1524,2014-08-28,0.0,3,28,-154444247.6302498,-22835258.038009163
1525,2014-08-29,1.0,4,29,-145694097.3257903,10030938.418308174
1526,2014-09-02,0.0,1,2,-158806637.91247982,-480302.1890291309
1527,2014-09-03,1.0,2,3,-156407355.29542822,-5683036.365743569
1528,2014-09-04,0.0,3,4,-146579444.7244933,-7793669.851606652
1529,2014-09-05,1.0,4,5,-146079747.29456672,3605031.937225909
1530,2014-09-08,1.0,0,8,-135461507.14430776,14494643.325595358
1531,2014-09-09,0.0,1,9,-145836751.20643723,-7246855.128949566
1532,2014-09-10,1.0,2,10,-149826954.967375,7468363.997262035
1533,2014-09-11,1.0,3,11,-145268219.19220018,-15315483.96839582
1534,2014-09-12,0.0,4,12,-139818043.15187496,6144965.260713932
1535,2014-09-15,0.0,0,15,-146507998.70569137,-2807268.797718673
1536,2014-09-16,0.0,1,16,-135028384.98614562,-11961621.236725628
1537,2014-09-17,0.0,2,17,-126625802.71601355,251028.39406075745
1538,2014-09-18,0.0,3,18,60867500.033196546,-186075630.68988162
1539,2014-09-19,1.0,4,19,48275775.343887195,195378971.1555484
1540,2014-09-22,1.0,0,22,-141935657.94455418,-3690105.031884177
1541,2014-09-23,0.0,1,23,-137524934.60501158,-4094109.559002374
1542,2014-09-24,1.0,2,24,-125822898.5735529,-10699868.598314224
1543,2014-09-25,0.0,3,25,-130250261.55979808,11760341.929535024
1544,2014-09-26,1.0,4,26,-146596074.79004094,1370953.6236362092
1545,2014-09-29,1.0,0,29,-126741542.2218865,-24204130.659589615
1546,2014-09-30,1.0,1,30,-102956386.90130524,-2604274.511159375
1547,2014-10-01,1.0,2,1,-122179217.3857074,18863091.124626547
1548,2014-10-02,0.0,3,2,-133336592.26859654,-10412803.145372692
1549,2014-10-03,1.0,4,3,281676149.58505225,-397694388.6991085
1550,2014-10-06,1.0,0,6,265450472.6827188,410770136.4391707
1551,2014-10-07,0.0,1,7,-116996643.34617603,-20856512.679340303
1552,2014-10-08,1.0,2,8,-107614232.85028581,8418201.207099663
1553,2014-10-09,1.0,3,9,-86291235.26720743,-31536194.96870942
1554,2014-10-10,1.0,4,10,-76593798.0084013,19289752.25091693
1555,2014-10-13,1.0,0,13,-94671205.18421549,-2945250.53232513
1556,2014-10-14,1.0,1,14,-57092931.47931699,-35983571.37791368
1557,2014-10-15,1.0,2,15,-42762947.98660634,19836824.296344846
1558,2014-10-16,0.0,3,16,-58338581.19893431,-5075047.362642756
1559,2014-10-17,0.0,4,17,-85191454.68991375,29824077.056852806
1560,2014-10-20,0.0,0,20,-107897583.1126886,-8917940.593426215
1561,2014-10-21,1.0,1,21,-109715355.41660312,7924963.071624745
1562,2014-10-22,0.0,2,22,-113556215.20730762,-6570839.632624833
1563,2014-10-23,0.0,3,23,-114869064.97007976,5002998.343965391
1564,2014-10-24,0.0,4,24,-133924805.94438666,10985601.110032277
1565,2014-10-27,0.0,0,27,-138282153.22806853,-9654893.667690909
1566,2014-10-28,1.0,1,28,-135712781.1132453,3608545.812759568
1567,2014-10-29,0.0,2,29,-138222327.48199117,-4307986.069038629
1568,2014-10-30,0.0,3,30,-105955602.23066404,-30560914.284422286
1569,2014-10-31,1.0,4,31,-106802198.295412,28130009.84352623
1570,2014-11-03,0.0,0,3,-134856698.5516134,-2589544.426708551
1571,2014-11-04,0.0,1,4,-137744850.18969068,2126150.6548910206
1572,2014-11-05,0.0,2,5,-145324431.58845302,2030516.7262717183
1573,2014-11-06,0.0,3,6,-140338711.7843066,-10317288.664476778
1574,2014-11-07,0.0,4,7,-140012069.20742652,6390024.243790491
1575,2014-11-10,0.0,0,10,-161272961.3474942,11156769.987820819
1576,2014-11-11,1.0,1,11,-157684318.76819718,-18251292.58742529
1577,2014-11-12,0.0,2,12,-138292698.59224805,-4895819.308236459
1578,2014-11-13,1.0,3,13,-140615049.84427232,3737626.39267925
1579,2014-11-14,0.0,4,14,-147787913.52040124,-8908.88988944914
1580,2014-11-17,0.0,0,17,-137311245.40160826,-13744189.193793198
1581,2014-11-18,1.0,1,18,-135146065.81741792,8014250.486770298
1582,2014-11-19,0.0,2,19,-141833303.7588019,-4516194.383538856
1583,2014-11-20,0.0,3,20,-139068711.22631043,-1680946.9314064821
